miRNA	bladder	breast_cancer	cervical	head n neck	KIRC	KIRP	LUAD	LUSC	PRAD	STAD	THCA	UCEC	
hsa-mir-3128	0.0	0.0	0.0	0.51795	0.0	0.0	0.0	0.0	0.0	0.0	0.0	0.0	
hsa-mir-3658	0.0	0.0	0.0	0.0	0.0	0.0	0.0	0.0	0.0	0.0	0.0	0.0	
hsa-mir-217	8.15542	13.079703	1.292636	1.553849	22.170186	8.636935	11.046939	13.892229	48.364237	52.588652	179.892491	6.35462	
hsa-mir-22	63975.513995	67989.751326	33975.331973	38610.030611	62109.621268	53628.721821	46660.234247	136844.266034	41627.489632	40988.876239	113622.248125	63806.452135	
hsa-mir-612	0.107308	0.0	0.430879	1.035899	0.0	0.0	0.0	0.414693	0.300399	0.097027	0.0	0.0	
hsa-mir-206	0.107308	0.0	0.10772	63.189844	0.312256	2.790394	0.0	1.86612	0.901197	0.485135	2.319833	0.0	
hsa-mir-3944	0.0	0.72665	0.215439	0.0	0.312256	0.531504	1.453545	0.207347	0.300399	0.291081	0.210894	0.0	
hsa-mir-4283-2	0.0	0.0	0.0	0.0	0.0	0.0	0.0	0.0	0.0	0.0	0.0	0.0	
hsa-mir-3141	0.0	0.0	0.0	0.0	0.0	0.0	0.0	0.0	0.0	0.0	0.0	0.0	
hsa-mir-503	11.803897	3.633251	2.154394	1.553849	199.531678	1.328759	10.465521	12.026109	2.102793	9.508649	45.131293	6.065774	
hsa-mir-3672	0.0	0.0	0.0	0.0	0.0	0.0	0.0	0.0	0.0	0.0	0.0	0.0	
hsa-mir-1228	0.429233	1.4533	0.430879	0.51795	1.873537	0.930131	1.744253	1.86612	0.300399	1.358378	0.0	1.444232	
hsa-mir-499	0.214616	0.0	0.538598	0.51795	1.561281	0.398628	0.0	0.207347	0.0	0.097027	1.054469	0.288846	
hsa-mir-103-1	9624.146739	16353.262441	6486.234015	9924.431162	9278.691422	15823.263332	8942.496905	19771.96009	14881.165164	6044.97824	34552.855387	34630.946769	
hsa-mir-548w	0.0	0.0	0.0	0.0	0.0	0.0	0.0	0.0	0.0	0.0	0.0	0.0	
hsa-mir-3689b	0.0	0.0	0.0	0.0	0.0	0.0	0.0	0.0	0.0	0.0	0.0	0.0	
hsa-mir-522	1.18039	0.72665	0.0	0.0	0.0	0.0	0.0	0.0	0.0	5.433514	0.0	1.155385	
hsa-mir-519c	1.073082	0.0	0.0	0.0	0.0	0.0	0.0	0.0	0.300399	0.0	0.0	0.0	
hsa-mir-1294	0.0	0.72665	0.10772	0.0	0.0	0.132876	1.162836	1.036734	0.0	0.194054	0.0	0.0	
hsa-mir-600	0.214616	0.0	0.0	0.0	0.0	0.0	0.0	0.0	0.0	0.097027	0.0	1.444232	
hsa-mir-224	181.13617	10.173103	63.770062	53.866752	20.608906	2.258891	1.744253	103.880701	3.00399	24.741894	30.579614	5.488081	
hsa-mir-4260	0.0	0.0	0.0	0.0	0.0	0.0	0.0	0.0	0.0	0.0	0.0	0.0	
hsa-mir-550b-2	0.0	0.0	0.0	0.0	0.0	0.0	0.0	0.0	0.0	0.0	0.0	0.0	
hsa-mir-548o	0.214616	0.72665	0.754038	0.0	0.624512	0.531504	2.325671	0.62204	0.0	0.388108	0.843576	0.0	
hsa-mir-4314	0.0	0.0	0.0	0.0	0.0	0.0	0.0	0.0	0.0	0.0	0.0	0.0	
hsa-mir-521-2	0.321924	0.72665	0.0	0.51795	0.0	0.0	0.0	0.207347	0.0	0.485135	0.0	0.288846	
hsa-mir-18a	11.589281	30.519308	6.032303	10.87694	2.185793	1.993139	12.209774	18.86855	2.102793	21.734055	6.326817	18.197321	
hsa-mir-363	12.018514	2.906601	165.888338	1.035899	43.091348	20.064264	10.465521	7.879175	120.760394	37.452435	11.599164	94.452763	
hsa-mir-3927	0.0	0.0	0.0	0.0	0.0	0.0	0.0	1.036734	0.0	0.0	0.0	0.0	
hsa-mir-3162	0.0	0.0	0.0	0.0	0.0	0.0	0.0	0.0	0.0	0.0	0.0	0.0	
hsa-mir-3919	0.0	0.0	0.0	0.0	0.0	0.0	0.0	0.0	0.0	0.0	0.0	0.288846	
hsa-mir-561	0.429233	0.72665	1.077197	0.0	0.312256	2.92327	0.581418	0.414693	0.600798	0.194054	0.0	1.733078	
hsa-mir-197	298.316678	279.760322	233.644029	152.795115	247.931381	135.799192	136.051772	489.752926	100.333263	116.43244	482.73612	434.713788	
hsa-mir-513c	0.0	0.0	0.0	0.0	0.0	0.0	0.0	1.036734	0.0	0.0	0.210894	1.444232	
hsa-mir-4309	0.0	0.0	0.0	0.0	0.0	0.0	0.0	0.0	0.0	0.0	0.0	0.0	
hsa-mir-203	71183.939489	22655.499507	6695.210233	21190.351636	215.144486	18.336877	551.47481	81810.50999	1086.242748	4719.103827	3128.400005	8280.936602	
hsa-mir-421	5.472716	1.4533	1.508076	12.948739	3.747074	4.384905	6.104887	1.86612	2.703591	3.007838	2.530727	4.910388	
hsa-mir-3139	0.0	0.0	0.0	0.0	0.0	0.132876	0.0	0.0	0.0	0.097027	0.0	0.288846	
hsa-mir-1246	0.0	0.0	0.0	0.0	0.0	0.0	0.0	0.0	0.300399	0.0	0.0	0.0	
hsa-mir-4257	0.0	0.0	0.0	0.0	0.0	0.0	0.0	0.0	0.0	0.0	0.0	0.0	
hsa-mir-3148	0.0	0.0	0.0	0.0	0.0	0.0	0.0	0.0	0.0	0.0	0.210894	0.0	
hsa-mir-2276	0.0	0.0	0.0	0.0	0.624512	0.66438	0.290709	0.0	0.300399	0.0	0.421788	0.288846	
hsa-mir-19a	8.370036	45.052312	8.940735	9.841041	12.490246	6.112292	11.046939	22.186098	4.806384	12.613514	39.648052	26.862712	
hsa-mir-3180-5	0.0	0.0	0.0	0.0	0.0	0.0	0.0	0.0	0.0	0.0	0.0	0.0	
hsa-mir-412	1.18039	6.539852	0.646318	4.661546	3.434818	0.132876	1.744253	4.561628	4.806384	5.23946	2.952514	2.599617	
hsa-mir-1268	0.0	0.0	0.0	0.0	0.0	0.0	0.0	0.0	0.0	0.0	0.0	0.0	
hsa-mir-548i-3	0.0	0.0	0.0	0.0	0.0	0.0	0.0	0.0	0.0	0.0	0.0	0.0	
hsa-mir-512-1	12.984287	1.4533	0.10772	0.0	0.0	0.0	0.0	0.414693	0.0	0.485135	0.0	0.0	
hsa-mir-155	189.29159	287.026824	298.383569	343.400546	568.618445	12.357461	171.808968	654.386212	69.692566	180.179201	45.131293	141.823568	
hsa-mir-1244-3	0.0	0.0	0.0	0.0	0.0	0.0	0.0	0.0	0.0	0.0	0.0	0.0	
hsa-mir-3165	0.0	0.0	0.10772	0.0	0.0	0.0	0.0	0.0	0.0	0.0	0.210894	0.0	
hsa-mir-548h-2	0.0	0.0	0.0	0.0	0.0	0.0	0.0	0.0	0.0	0.0	0.0	0.0	
hsa-mir-621	0.0	0.0	0.0	0.0	0.0	0.0	0.0	0.0	0.0	0.0	0.0	0.0	
hsa-mir-548a-2	0.0	0.0	0.0	0.0	0.0	0.0	0.0	0.0	0.0	0.0	0.0	0.0	
hsa-mir-145	4333.53264	1509.252437	2053.352921	333.559505	758.782438	214.594613	340.710847	2031.375704	1522.72248	8185.97676	2209.746208	1815.977133	
hsa-mir-3175	0.0	0.0	0.215439	0.0	0.0	0.0	0.0	0.0	0.0	0.194054	0.0	0.0	
hsa-mir-3147	0.0	0.0	0.0	0.0	0.0	0.0	0.0	0.0	0.0	0.0	0.0	0.0	
hsa-mir-1267	0.0	0.0	0.0	0.0	0.0	0.0	0.0	0.0	0.0	0.0	0.0	0.0	
hsa-mir-513a-1	0.0	0.0	0.0	0.0	0.0	0.0	0.0	0.414693	0.0	0.0	0.0	0.288846	
hsa-mir-507	0.0	0.0	0.10772	0.0	0.0	0.0	0.0	0.62204	0.0	0.0	0.0	0.0	
hsa-mir-346	0.0	0.0	0.0	0.0	0.0	0.0	0.581418	0.0	0.0	0.485135	3.163408	0.0	
hsa-mir-658	0.0	0.0	0.538598	0.0	0.0	0.0	0.872127	0.0	0.300399	0.291081	0.843576	0.0	
hsa-mir-512-2	11.803897	0.0	0.0	0.0	0.0	0.0	0.0	0.0	0.0	0.388108	0.210894	0.0	
hsa-mir-1272	0.0	0.0	0.0	0.0	0.0	0.0	0.0	0.0	0.0	0.0	0.0	0.0	
hsa-mir-3665	0.0	0.0	0.0	0.0	0.0	0.0	0.0	0.0	0.0	0.0	0.0	0.0	
hsa-mir-517b	6.653106	0.0	0.215439	0.0	0.0	0.0	0.0	0.0	0.0	0.097027	0.0	0.0	
hsa-mir-1280	0.0	0.0	0.0	0.0	0.0	0.0	0.0	0.0	0.0	0.0	0.0	0.0	
hsa-mir-592	0.429233	4.359901	10.66425	1.553849	41.842324	13.287592	1.744253	1.86612	3.00399	8.247298	2.530727	6.643467	
hsa-mir-518d	0.0	0.0	0.0	0.0	0.0	0.0	0.0	0.0	0.0	0.0	0.0	0.0	
hsa-mir-146a	35.626308	223.808257	61.938827	315.431271	76.815012	87.96386	24.710258	187.026731	13.217556	38.228651	44.920399	37.550028	
hsa-mir-93	4495.138726	10302.446341	3056.438767	3935.898565	2380.328612	4292.556636	1275.340006	5206.475852	2857.695591	2563.26017	4654.639107	11988.857462	
hsa-mir-559	0.0	0.0	0.323159	0.0	0.0	0.0	0.0	0.0	0.300399	0.194054	0.210894	0.0	
hsa-mir-20b	6.867722	4.359901	164.918861	0.0	45.589398	26.043681	6.686305	14.721616	96.428076	24.741894	24.252798	142.978953	
hsa-mir-3689a	0.0	0.0	0.0	0.0	0.0	0.0	0.0	0.0	0.0	0.0	0.0	0.0	
hsa-mir-718	0.0	0.0	0.0	0.0	0.0	0.0	0.0	0.0	0.0	0.0	0.0	0.0	
hsa-mir-3155	0.214616	0.0	0.215439	0.0	0.0	0.0	0.290709	0.207347	0.0	0.0	0.0	0.288846	
hsa-mir-3907	0.0	0.0	0.0	0.0	0.0	0.0	0.290709	0.0	0.0	0.0	0.0	0.0	
hsa-mir-151	2294.570336	2416.838519	2261.144222	2647.240106	2058.70478	1881.390169	7751.753193	3802.738635	3196.545652	1309.28279	2579.021414	2519.029199	
hsa-mir-1976	3.970402	18.892905	10.125652	4.661546	9.992197	13.951972	13.663319	30.479966	4.806384	2.231622	44.498611	21.374631	
hsa-mir-181c	118.25359	2217.736368	141.005087	56.4565	42.466836	102.845963	172.681095	125.652105	40.553864	60.350815	423.053149	311.087541	
hsa-mir-381	58.482946	39.23911	77.342745	30.559023	9.992197	8.504059	20.931042	85.841537	28.838303	184.060283	21.722071	44.193495	
hsa-mir-10a	12784.050059	8958.143496	112706.798934	441.293009	26376.589033	82071.742899	38742.195556	17231.548216	9480.892521	28072.540515	3037.926525	80119.339767	
hsa-mir-3136	0.0	0.0	1.938955	0.0	1.249025	0.0	0.290709	1.036734	0.0	0.582162	1.054469	0.288846	
hsa-mir-509-1	0.0	3.633251	0.969477	0.0	0.936768	0.132876	0.290709	10.574682	0.0	0.485135	3.79609	2.888464	
hsa-mir-3614	2.038855	6.539852	3.339311	3.107697	2.185793	0.265752	7.267723	6.635095	3.905187	2.716757	1.265363	25.129634	
hsa-mir-1825	0.0	0.0	0.0	0.0	0.0	0.0	0.0	0.0	0.0	0.0	0.0	0.0	
hsa-mir-490	7.833496	0.0	0.10772	0.0	0.0	0.0	0.0	0.207347	0.0	10.381893	0.0	12.420394	
hsa-mir-3119-1	0.0	0.0	0.0	0.0	0.0	0.0	0.0	0.0	0.0	0.0	0.0	0.0	
hsa-mir-885	0.107308	0.72665	0.754038	1.553849	9.992197	3.189022	0.0	0.62204	1.501995	1.455406	0.0	29.46233	
hsa-mir-377	2.790012	0.72665	4.093349	4.661546	0.312256	0.0	0.0	4.561628	0.600798	5.23946	0.632682	1.444232	
hsa-mir-23a	3285.453864	23438.101757	3254.643015	3641.185276	3213.428014	4020.958253	3521.357076	7258.793574	1000.028238	2293.913125	3231.105331	4086.887299	
hsa-mir-548f-4	0.0	0.72665	0.0	0.0	0.0	0.0	0.0	0.0	0.0	0.0	0.0	0.0	
hsa-mir-655	2.575396	0.0	1.723515	0.0	0.312256	0.132876	0.290709	1.24408	0.600798	4.851352	0.632682	1.444232	
hsa-mir-23b	1324.611899	1879.844032	1120.931198	686.801092	990.788756	1353.872762	1248.594786	2607.177514	686.111293	1062.057908	3590.468524	2282.464021	
hsa-mir-646	0.0	0.0	0.0	0.0	0.0	0.0	0.0	0.0	0.0	0.0	0.0	0.0	
hsa-mir-4326	10.301583	27.612707	2.046674	2.589748	1.873537	1.328759	4.360634	5.598361	1.802394	1.067297	0.0	8.665391	
hsa-mir-101-1	6529.486779	11752.840112	17755.653588	2145.347	13500.394536	23439.445387	6401.700996	15496.885652	6645.126056	9002.36222	32208.137088	15232.313359	
hsa-mir-30c-2	326.538724	1376.275453	305.708509	105.661706	1185.324336	1892.817498	97.678195	323.875559	173.029818	398.490026	2959.052209	801.837525	
hsa-mir-7-3	0.214616	0.0	0.10772	4.143596	0.0	0.0	0.290709	0.0	0.0	2.522703	6.115923	0.0	
hsa-mir-1973	0.0	0.0	0.0	0.0	0.0	0.0	0.0	0.0	0.0	0.0	0.0	0.0	
hsa-mir-4275	0.0	0.0	0.0	0.0	0.0	0.0	0.0	0.0	0.0	0.0	0.0	0.0	
hsa-mir-1302-9	0.0	0.0	0.0	0.0	0.0	0.0	0.0	0.0	0.0	0.0	0.0	0.0	
hsa-mir-623	0.0	0.0	0.0	0.0	0.0	0.0	0.0	0.0	0.0	0.0	0.0	0.0	
hsa-mir-3917	1.609622	0.0	2.262114	1.553849	0.312256	0.531504	4.069925	1.86612	1.201596	0.679189	0.421788	2.599617	
hsa-mir-520d	1.287698	0.0	0.0	0.0	0.0	0.0	0.0	0.0	0.0	0.097027	0.0	0.0	
hsa-mir-3666	0.0	0.0	0.0	0.0	0.0	0.0	0.0	0.0	0.0	0.0	0.0	0.0	
hsa-mir-1302-10	0.0	0.0	0.0	0.0	0.0	0.0	0.0	0.0	0.0	0.0	0.0	0.0	
hsa-mir-520b	6.223873	0.0	0.10772	0.0	0.0	0.132876	0.0	0.207347	0.300399	0.582162	0.0	0.0	
hsa-mir-544	0.0	0.0	0.0	0.0	0.0	0.0	0.0	0.0	0.0	0.0	0.0	0.0	
hsa-mir-150	162.464551	261.594067	367.216457	266.226064	720.687188	35.344995	264.835821	3741.778703	127.068773	107.60298	169.55869	234.832099	
hsa-mir-374a	829.277443	311.00628	737.987665	727.719106	916.784049	314.517306	804.100856	288.833965	687.913687	743.712212	808.356291	588.95775	
hsa-mir-3187	1.287698	0.0	0.215439	0.0	0.312256	0.132876	1.162836	0.62204	0.300399	0.582162	0.421788	0.866539	
hsa-mir-633	0.0	0.0	0.0	0.0	0.0	0.0	0.0	0.0	0.0	0.0	0.0	0.0	
hsa-mir-3130-2	0.0	0.0	0.0	0.0	0.0	0.132876	0.0	0.207347	0.0	0.0	0.0	0.0	
hsa-mir-4296	0.0	0.0	0.0	0.0	0.0	0.0	0.0	0.0	0.0	0.0	0.0	0.0	
hsa-mir-3910-1	0.0	0.0	0.0	0.0	0.0	0.0	0.0	0.0	0.0	0.0	0.0	0.0	
hsa-mir-3912	0.751157	0.0	1.292636	0.0	1.561281	1.328759	1.162836	0.207347	0.600798	0.776216	1.265363	0.577693	
hsa-mir-3921	0.0	0.0	0.0	0.0	0.0	0.0	0.0	0.0	0.0	0.0	0.0	0.0	
hsa-mir-212	3.970402	4.359901	13.464962	10.358991	0.0	1.727387	26.454511	11.611416	5.106783	6.597838	1.898045	4.621542	
hsa-mir-1260b	0.0	0.0	0.0	0.0	0.0	0.132876	0.0	0.0	0.0	0.0	0.0	0.0	
hsa-mir-448	0.214616	0.0	0.0	0.0	0.0	0.0	0.0	0.0	0.0	0.0	0.0	0.0	
hsa-mir-1236	0.214616	0.72665	0.0	0.0	0.0	0.0	0.0	0.0	0.0	0.0	0.0	0.0	
hsa-mir-510	0.0	0.0	0.0	0.0	0.0	0.0	0.0	0.0	0.0	0.0	0.0	0.0	
hsa-mir-3150b	5.150792	0.72665	9.479334	1.035899	0.0	0.0	0.581418	2.488161	0.0	0.388108	0.210894	0.0	
hsa-mir-627	0.751157	1.4533	0.969477	1.553849	0.624512	0.132876	0.872127	1.658774	0.600798	1.067297	2.530727	1.444232	
hsa-mir-4319	0.0	0.0	0.0	0.0	0.0	0.0	0.0	0.0	0.0	0.0	0.0	0.0	
hsa-mir-3926-2	0.107308	0.0	0.0	0.0	0.0	0.132876	0.0	0.207347	0.0	0.194054	0.0	0.0	
hsa-mir-614	0.0	0.0	0.0	0.0	0.0	0.0	0.0	0.0	0.0	0.0	0.0	0.0	
hsa-mir-487a	1.824239	0.72665	1.077197	1.035899	0.624512	0.132876	0.290709	1.036734	0.600798	2.910811	0.421788	0.288846	
hsa-mir-1302-3	0.107308	0.0	0.0	0.0	0.0	0.0	0.0	0.0	0.0	0.0	0.210894	0.0	
hsa-mir-3167	0.0	0.0	0.0	0.0	0.0	0.0	0.0	0.0	0.0	0.097027	0.0	0.0	
hsa-mir-135a-2	0.107308	0.0	3.016152	0.0	1.873537	5.315037	0.0	0.207347	0.300399	0.097027	125.69276	0.0	
hsa-mir-548h-4	0.0	0.0	0.0	0.0	0.0	0.0	0.0	0.0	0.0	0.0	0.0	0.0	
hsa-mir-103-2-as	0.0	0.0	0.0	0.0	0.0	0.0	0.0	0.0	0.0	0.0	0.0	0.0	
hsa-mir-548m	0.0	0.0	0.0	0.0	0.0	0.0	0.0	0.0	0.0	0.0	0.0	0.0	
hsa-mir-4316	0.0	0.0	0.0	0.0	0.0	0.0	0.0	0.0	0.0	0.0	0.0	0.0	
hsa-mir-3656	0.0	0.0	0.0	0.0	0.0	0.0	0.0	0.0	0.0	0.0	0.0	0.0	
hsa-mir-223	72.969547	69.758418	207.360422	246.543982	124.590203	27.638192	395.073414	538.479402	39.953066	448.555976	147.414831	64.701587	
hsa-mir-320b-1	0.0	0.0	0.0	0.0	0.0	0.0	0.0	0.0	0.0	0.0	0.0	0.0	
hsa-mir-4280	0.0	0.0	0.0	0.0	0.0	0.0	0.0	0.0	0.0	0.0	0.0	0.0	
hsa-mir-3118-5	0.0	0.0	0.0	0.0	0.0	0.0	0.0	0.0	0.0	0.0	0.0	0.0	
hsa-mir-24-2	4099.600857	13378.356579	2870.191406	9761.277056	1729.274545	2516.537073	2716.674802	4018.793906	1245.454212	1785.394443	3787.021632	4244.019725	
hsa-mir-3145	0.0	0.0	0.10772	0.0	0.624512	0.132876	0.0	0.0	0.0	0.097027	0.0	0.0	
hsa-mir-199a-1	1236.726517	2458.98423	2068.756838	367.744174	206.71357	142.04436	324.140439	1732.38175	418.155394	784.560593	704.80739	1022.804999	
hsa-mir-193a	206.568204	479.589123	292.243546	221.682404	166.744783	49.961346	129.946885	269.965415	118.357202	100.034872	177.783552	107.45085	
hsa-mir-1468	1.502314	7.266502	4.093349	1.035899	7.494148	10.76295	2.034962	5.391014	3.604788	3.978108	36.484643	6.35462	
hsa-mir-3668	0.0	0.0	0.0	0.0	0.0	0.0	0.0	0.0	0.300399	0.0	0.0	0.0	
hsa-mir-3116-2	0.0	0.0	0.0	0.0	0.0	0.0	0.0	0.0	0.0	0.097027	0.0	0.288846	
hsa-mir-524	1.287698	0.0	0.0	0.0	0.0	0.0	0.0	0.0	0.0	0.0	0.0	0.0	
hsa-mir-196a-2	0.321924	1.4533	0.430879	0.0	0.624512	1.195883	2.034962	0.0	0.0	0.679189	0.0	0.288846	
hsa-mir-501	20.066625	47.958912	28.76116	13.984638	44.652629	117.063687	14.826155	49.76321	28.237505	37.161354	50.614534	54.591964	
hsa-mir-3115	0.214616	0.0	0.0	0.0	0.0	0.0	0.290709	0.0	0.0	0.0	0.0	0.0	
hsa-mir-607	0.107308	0.0	0.215439	0.51795	0.312256	0.132876	0.290709	0.207347	0.600798	0.291081	0.0	0.0	
hsa-mir-1302-2	0.0	0.0	0.0	0.0	0.0	0.0	0.0	0.0	0.0	0.0	0.0	0.0	
hsa-mir-1182	0.0	0.0	0.0	0.0	0.0	0.0	0.0	0.0	0.0	0.0	0.0	0.0	
hsa-mir-1-1	0.107308	0.0	0.10772	0.0	0.0	0.0	0.290709	0.0	0.0	0.388108	0.0	0.0	
hsa-mir-370	7.833496	7.266502	4.524227	1.035899	1.561281	1.461635	2.61638	13.684883	3.00399	21.92811	2.530727	1.155385	
hsa-mir-1233-2	0.0	0.0	0.0	0.0	0.0	0.0	0.0	0.0	0.0	0.0	0.0	0.0	
hsa-mir-485	3.326553	6.539852	1.292636	0.0	1.249025	0.66438	1.162836	5.805708	0.901197	5.627568	2.108939	1.733078	
hsa-mir-365-2	81.232275	52.318813	12.387765	19.164133	19.047625	8.769811	19.186788	19.905284	14.419152	19.599461	14.551679	9.53193	
hsa-mir-194-1	119.004747	79.93152	1584.987666	12.948739	842.15483	1551.857884	113.376476	54.739531	27.035909	1948.302832	143.407847	196.993225	
hsa-mir-4259	0.0	0.0	0.0	0.0	0.0	0.0	0.0	0.0	0.0	0.0	0.0	0.0	
hsa-mir-891a	0.214616	1.4533	0.646318	0.0	0.936768	0.132876	2.61638	35.456287	7.209576	0.388108	85.833814	254.473653	
hsa-mir-195	18.135079	50.865513	38.240493	117.056596	88.056234	14.749227	32.850107	29.028539	54.672616	44.923517	27.416206	102.829308	
hsa-mir-3173	0.214616	0.0	1.077197	0.0	0.0	0.0	0.581418	0.0	0.300399	0.0	1.054469	0.288846	
hsa-mir-802	0.0	0.0	0.0	0.0	0.312256	0.0	0.0	0.0	0.0	0.194054	0.0	0.0	
hsa-mir-556	0.214616	1.4533	0.646318	0.0	0.0	0.0	1.162836	0.207347	0.600798	0.679189	0.0	0.288846	
hsa-mir-516a-1	4.185018	10.899753	0.10772	0.0	0.0	0.0	0.0	0.829387	0.0	12.904595	0.0	2.021925	
hsa-mir-3124	0.0	0.0	0.0	0.0	0.0	0.132876	0.581418	0.0	0.0	0.097027	0.0	0.288846	
hsa-mir-542	327.289881	81.384821	260.897113	53.348803	685.7145	36.142251	191.286465	134.360667	207.575702	152.138388	1074.29349	264.294429	
hsa-mir-4302	0.0	0.0	0.0	0.0	0.0	0.0	0.0	0.0	0.0	0.0	0.0	0.0	
hsa-mir-130b	59.663336	42.872361	33.177668	41.435963	7.494148	3.986278	22.675295	36.078327	10.814364	16.300542	58.839396	30.328869	
hsa-mir-302b	0.0	0.0	0.0	0.0	0.0	0.0	0.0	0.0	0.0	0.388108	0.0	0.0	
hsa-mir-3180-3	0.0	0.0	0.0	0.0	0.0	0.0	0.0	0.0	0.0	0.0	0.0	0.0	
hsa-mir-571	0.0	0.0	0.0	0.0	0.0	0.0	0.0	0.0	0.0	0.0	0.0	0.0	
hsa-mir-583	0.0	0.0	0.0	0.0	0.0	0.0	0.0	0.0	0.0	0.0	0.0	0.0	
hsa-mir-3677	3.755786	6.539852	4.524227	3.107697	4.371586	4.517781	9.011976	5.183668	15.019949	9.605676	1.476257	3.466156	
hsa-mir-3674	0.0	0.0	0.0	0.0	0.0	0.0	0.0	0.0	0.0	0.0	0.0	0.0	
hsa-mir-1180	7.833496	26.159407	13.788122	11.912839	3.747074	126.630753	49.711224	27.577112	18.624737	15.621352	111.351975	127.092403	
hsa-mir-200c	7294.593944	17074.099426	6887.705337	6375.440905	46.838422	16.742366	26884.469661	7941.378939	5388.256683	6637.328279	20177.484082	17278.789895	
hsa-mir-548t	0.0	0.0	0.215439	0.0	0.0	0.265752	0.0	0.207347	0.600798	0.0	0.421788	0.0	
hsa-mir-518f	1.395006	0.0	0.10772	0.0	0.0	0.0	0.0	0.0	0.0	0.0	0.0	0.0	
hsa-mir-3199-1	0.107308	0.0	0.0	0.51795	0.0	0.0	0.0	0.207347	0.901197	0.097027	0.632682	0.0	
hsa-mir-545	0.107308	0.0	0.430879	0.51795	0.624512	0.265752	0.290709	0.207347	0.300399	0.291081	0.421788	0.0	
hsa-mir-1274a	0.0	0.0	0.0	0.0	0.0	0.0	0.0	0.0	0.0	0.0	0.0	0.0	
hsa-mir-514-2	0.429233	0.0	0.646318	0.0	1.873537	1.727387	0.0	9.123255	0.0	1.455406	2.741621	3.466156	
hsa-mir-324	46.0352	212.908505	47.935266	24.343628	24.35598	135.001936	28.489474	78.377056	17.423141	31.145678	164.919024	109.761621	
hsa-mir-449c	0.107308	0.0	0.0	0.0	0.0	0.0	0.290709	0.0	0.0	0.0	0.0	62.10197	
hsa-mir-3153	0.0	0.0	0.0	0.0	0.0	0.0	0.0	0.0	0.0	0.0	0.0	0.0	
hsa-mir-16-2	5.150792	13.079703	14.865319	5.179495	3.434818	1.328759	24.12884	13.684883	1.802394	9.023514	9.912013	14.153472	
hsa-mir-3939	0.214616	0.0	0.10772	0.0	0.0	0.0	0.872127	0.207347	0.0	0.194054	0.0	0.866539	
hsa-mir-598	10.408891	8.719802	7.971258	20.717982	4.996098	1.727387	9.302685	20.112631	24.933116	79.174059	140.666226	17.041936	
hsa-mir-4298	0.0	0.0	0.0	0.0	0.0	0.0	0.0	0.0	0.0	0.0	0.0	0.0	
hsa-mir-1258	0.429233	0.0	0.754038	0.0	0.0	0.132876	0.0	0.0	0.0	1.067297	0.632682	0.0	
hsa-mir-520g	2.146163	0.0	0.0	0.0	0.0	0.0	0.0	0.0	0.0	0.194054	0.0	0.0	
hsa-mir-1911	4.07771	0.0	0.215439	0.0	0.0	0.132876	0.290709	0.0	0.300399	0.776216	0.0	0.0	
hsa-mir-299	4.936175	0.72665	2.692992	3.107697	0.312256	0.265752	1.744253	5.183668	1.802394	6.888919	0.843576	2.888464	
hsa-mir-3118-6	0.0	0.0	0.0	0.0	0.0	0.0	0.0	0.0	0.0	0.0	0.0	0.0	
hsa-mir-30e	6611.255596	28311.744556	11039.114854	5480.942047	25465.425594	16490.83196	9982.944108	9941.445289	7798.357779	11297.633724	35052.463019	17882.47881	
hsa-mir-509-3	0.107308	1.4533	1.508076	0.51795	0.936768	0.265752	0.0	12.855496	0.0	1.552433	2.319833	2.599617	
hsa-mir-3157	0.0	0.0	0.215439	0.0	0.312256	0.265752	0.581418	0.414693	0.0	0.291081	0.210894	0.0	
hsa-mir-125b-1	477.092069	903.226181	898.382298	135.70278	320.062551	357.967732	126.167669	971.626676	465.017636	1047.212772	5173.016295	1985.818799	
hsa-mir-4315-1	0.0	0.0	0.0	0.0	0.0	0.0	0.0	0.0	0.0	0.0	0.0	0.0	
hsa-mir-32	16.632764	16.712954	53.85985	31.076972	11.241221	10.497198	40.11783	22.186098	12.917157	34.638651	52.723473	71.345054	
hsa-mir-1270-2	1.18039	10.173103	0.538598	0.51795	34.972689	14.084848	0.0	1.036734	0.300399	0.485135	10.755589	3.17731	
hsa-mir-129-2	0.214616	0.0	1.077197	0.51795	0.312256	2.258891	0.581418	34.00486	1.802394	7.665136	1.687151	8.376545	
hsa-mir-939	0.643849	4.359901	1.508076	0.0	0.624512	0.930131	1.744253	2.695507	0.901197	0.679189	0.632682	1.444232	
hsa-mir-4269	0.0	0.0	0.0	0.0	0.0	0.0	0.0	0.0	0.0	0.0	0.0	0.0	
hsa-mir-4287	0.0	0.0	0.0	0.0	0.0	0.0	0.0	0.0	0.0	0.0	0.0	0.0	
hsa-mir-200a	568.625928	1791.192709	1166.496631	246.543982	169.867344	554.358344	1967.227221	596.951174	454.203273	425.948677	1604.058948	3088.056549	
hsa-mir-548y	0.0	0.0	0.0	0.0	0.0	0.0	0.0	0.0	0.0	0.097027	0.0	0.0	
hsa-mir-648	0.0	0.0	0.0	0.0	0.0	0.0	0.0	0.0	0.0	0.0	0.0	0.0	
hsa-mir-4315-2	0.0	0.0	0.0	0.0	0.0	0.0	0.0	0.0	0.0	0.0	0.0	0.0	
hsa-mir-4278	0.0	0.0	0.0	0.0	0.0	0.0	0.0	0.0	0.0	0.0	0.0	0.0	
hsa-mir-644	0.0	0.0	0.0	0.0	0.0	0.0	0.0	0.0	0.0	0.0	0.0	0.0	
hsa-mir-934	33.694762	23.252806	2.262114	0.0	0.0	0.0	0.0	1.658774	0.600798	3.784054	0.210894	2.310771	
hsa-mir-1285-2	0.0	0.0	0.0	0.0	0.0	0.0	0.0	0.0	0.0	0.0	0.0	0.0	
hsa-mir-3914-1	0.0	0.0	0.0	0.0	0.0	0.0	0.0	0.0	0.0	0.194054	0.0	0.0	
hsa-mir-99a	280.288908	678.691274	1382.36691	118.092495	905.855084	824.760843	52.618313	804.712576	1250.861394	471.163275	3202.423761	3659.972363	
hsa-mir-4291	0.0	0.0	0.0	0.0	0.0	0.0	0.0	0.0	0.0	0.0	0.0	0.0	
hsa-mir-2909	0.0	0.0	0.0	0.0	0.0	0.0	0.0	0.0	0.0	0.0	0.0	0.0	
hsa-mir-4324	0.0	0.0	0.0	0.0	0.0	0.0	0.0	0.0	0.0	0.0	0.0	0.0	
hsa-mir-4266	0.0	0.0	0.0	0.0	0.0	0.0	0.0	0.0	0.0	0.0	0.0	0.0	
hsa-mir-567	0.0	0.0	0.0	0.0	0.0	0.0	0.0	0.0	0.0	0.0	0.0	0.0	
hsa-mir-181b-2	0.858465	3.633251	3.231591	0.0	4.683842	2.657518	2.325671	4.976321	0.0	0.776216	34.164811	6.35462	
hsa-mir-1913	0.0	0.0	0.0	0.0	0.0	0.0	0.0	0.0	0.0	0.0	0.210894	0.866539	
hsa-mir-2117	0.0	0.0	0.0	0.0	0.0	0.0	0.0	0.0	0.0	0.0	1.054469	0.0	
hsa-mir-1257	0.0	0.0	0.0	0.0	0.0	0.0	0.0	0.0	0.300399	0.0	0.0	0.0	
hsa-mir-892a	0.0	0.0	0.0	0.0	0.0	0.0	0.0	0.0	0.0	0.0	1.054469	2.888464	
hsa-mir-182	54141.901732	63410.401852	31195.732835	6528.236019	1918.814026	1058.622465	42967.649621	9318.575777	6950.631829	5093.531149	9462.598074	63313.102534	
hsa-mir-9-3	0.0	0.0	0.0	0.51795	0.0	0.0	0.0	0.0	0.0	0.097027	0.0	0.577693	
hsa-mir-383	0.214616	0.0	0.0	0.0	0.0	0.0	0.0	0.62204	0.600798	1.164324	0.0	1.155385	
hsa-mir-578	0.0	0.0	0.0	0.0	0.0	0.0	0.0	0.0	0.0	0.0	0.210894	0.0	
hsa-mir-1323	4.07771	0.0	0.0	0.0	0.0	0.0	0.0	0.0	0.0	0.097027	0.0	0.0	
hsa-mir-374b	51.293299	24.706106	49.551062	56.97445	42.15458	29.099827	41.862084	56.605651	39.953066	57.634058	99.752811	56.325042	
hsa-mir-642a	0.858465	1.4533	5.385985	2.071798	2.185793	0.265752	3.197798	3.939587	0.600798	9.605676	1.054469	7.798852	
hsa-mir-625	78.334955	45.052312	158.13252	151.759216	100.858736	86.900853	468.041352	386.286918	48.664636	169.991363	165.340812	406.406844	
hsa-mir-208a	0.0	0.0	0.0	0.0	0.0	0.0	0.0	0.0	0.0	0.097027	0.0	0.0	
hsa-mir-3185	0.0	0.0	0.0	0.0	0.0	0.0	0.0	0.0	0.0	0.0	0.0	0.0	
hsa-mir-4323	0.0	0.0	0.0	0.0	0.0	0.0	0.0	0.0	0.0	0.0	0.0	0.0	
hsa-mir-548k	0.214616	0.0	0.0	0.0	0.0	0.0	1.162836	0.207347	0.0	0.194054	0.0	0.0	
hsa-mir-3194	0.0	0.72665	0.646318	0.51795	0.0	0.0	0.0	0.414693	0.0	0.485135	0.843576	0.577693	
hsa-mir-181a-1	875.312642	1271.637826	1953.496759	697.678032	2187.978825	2525.838387	2586.727917	4358.013121	546.425763	336.87786	10183.222505	1921.694904	
hsa-mir-1255b-2	0.0	0.0	0.0	0.0	0.0	0.0	0.0	0.0	0.0	0.0	0.0	0.0	
hsa-mir-187	39.274786	603.846305	9.048455	9.841041	6.245123	10.231446	60.467454	8.708562	0.901197	22.122164	2.741621	45.926573	
hsa-mir-4273	0.0	0.0	0.0	0.0	0.0	0.0	0.0	0.0	0.0	0.0	0.0	0.0	
hsa-mir-3913-2	0.0	0.0	0.0	0.0	0.0	0.0	0.0	0.0	0.0	0.0	0.0	0.0	
hsa-mir-126	1194.125179	2496.77004	1135.581077	434.041716	16550.512584	407.131823	659.327817	4300.578083	1187.477207	3379.839684	9031.952745	2058.89693	
hsa-mir-147b	0.536541	1.4533	3.016152	0.0	0.0	0.66438	2.034962	1.86612	2.703591	0.776216	0.210894	0.288846	
hsa-mir-526a-1	0.107308	0.0	0.0	0.0	0.0	0.0	0.0	0.0	0.0	0.0	0.0	0.0	
hsa-mir-140	339.201086	610.386156	531.919879	524.682885	1154.723233	1627.862911	933.757032	1559.454595	1060.408434	542.090036	1246.5938	1084.906968	
hsa-mir-550a-2	1.502314	2.906601	4.739667	0.51795	2.498049	2.126015	9.884103	3.939587	0.901197	7.665136	2.108939	2.888464	
hsa-mir-433	1.716931	0.0	0.754038	0.0	0.0	0.930131	0.0	1.036734	0.901197	1.746487	0.210894	0.288846	
hsa-mir-379	1191.764399	365.505044	771.703931	604.447115	78.376293	44.912061	288.383243	761.377114	449.697288	1516.241452	130.754214	463.309579	
hsa-mir-1262	0.536541	0.72665	0.646318	0.51795	0.624512	0.265752	0.290709	0.829387	0.901197	0.776216	0.0	0.577693	
hsa-mir-1470	0.0	0.0	0.0	0.0	0.0	0.0	0.0	0.0	0.0	0.0	0.0	0.0	
hsa-mir-570	1.073082	0.0	0.323159	1.035899	0.312256	0.132876	0.0	0.414693	0.300399	0.194054	0.210894	1.155385	
hsa-mir-3156-3	0.0	0.0	0.0	0.0	0.0	0.0	0.0	0.0	0.0	0.0	0.0	0.288846	
hsa-mir-3676	1.502314	37.059159	31.130993	4.143596	7.806404	5.182161	18.314662	116.736197	2.403192	4.366217	10.966482	6.932313	
hsa-mir-425	356.263084	429.45026	142.620883	77.174482	54.020314	44.64631	95.643233	166.084714	159.211465	151.75028	94.058676	292.89022	
hsa-mir-4271	0.0	0.0	0.0	0.0	0.0	0.0	0.0	0.0	0.0	0.0	0.0	0.0	
hsa-mir-181d	41.742873	908.312733	17.666031	17.092335	13.114758	23.253286	31.396563	19.697937	10.814364	13.680812	103.759795	37.550028	
hsa-mir-141	721.218128	4883.089252	2578.271019	422.128876	9.679941	1.594511	6058.955186	881.638205	402.534647	1741.441197	2167.778324	2786.500938	
hsa-mir-342	90.568085	189.655699	99.963882	92.195018	90.554283	46.506572	28.489474	210.042216	39.352268	53.170814	138.979075	159.15435	
hsa-mir-1284	0.107308	0.0	0.0	0.0	0.0	0.132876	0.872127	0.62204	0.300399	0.194054	0.0	0.577693	
hsa-mir-127	1241.662693	882.153326	875.330282	518.98544	144.574596	98.461058	292.453168	1200.537443	507.674293	1437.649555	245.058703	390.520293	
hsa-mir-665	0.321924	0.0	0.538598	0.0	0.0	0.0	0.0	0.207347	0.300399	0.582162	0.0	0.0	
hsa-mir-331	26.075882	55.952064	33.716266	8.805142	43.091348	27.37244	81.689205	76.718282	16.221545	23.965677	84.146663	78.855059	
hsa-mir-3940	0.643849	2.179951	0.969477	0.51795	0.312256	0.265752	1.744253	2.488161	0.0	0.582162	0.421788	0.577693	
hsa-mir-3196	0.0	0.0	0.0	0.0	0.0	0.0	0.0	0.0	0.0	0.097027	0.0	0.0	
hsa-mir-3169	0.0	0.0	0.0	0.0	0.0	0.0	0.0	0.0	0.0	0.0	0.0	0.0	
hsa-mir-2113	0.0	0.0	0.0	0.0	0.0	0.0	0.0	0.0	0.0	0.0	0.0	0.0	
hsa-mir-3683	0.0	0.0	0.0	0.0	0.0	0.0	0.0	0.0	0.0	0.0	0.0	0.0	
hsa-mir-1279	0.0	0.0	0.0	0.0	0.0	0.0	0.0	0.0	0.0	0.0	0.0	0.0	
hsa-mir-629	67.389523	51.592163	68.832888	44.543661	78.064037	37.736762	395.073414	250.267477	96.728475	82.667033	133.28494	90.986607	
hsa-mir-3923	0.0	0.0	0.0	0.0	0.936768	0.0	0.0	0.207347	0.0	0.0	0.210894	0.0	
hsa-mir-4304	0.0	0.0	0.0	0.0	0.0	0.0	0.0	0.0	0.0	0.0	0.0	0.0	
hsa-mir-320d-2	0.321924	0.72665	1.292636	0.0	0.312256	0.0	1.453545	0.414693	0.300399	0.388108	0.0	1.444232	
hsa-mir-495	5.580024	4.359901	3.55475	5.179495	0.312256	0.930131	1.744253	5.805708	2.403192	11.546217	3.585196	3.17731	
hsa-let-7a-2	13210.707294	13219.946838	14420.651676	15038.664933	23507.57955	8550.964161	18012.324314	16987.915834	18003.512265	6515.074217	19155.07049	10698.869571	
hsa-mir-1248	0.751157	1.4533	1.615795	0.51795	0.312256	0.0	0.290709	1.24408	4.205586	0.679189	0.632682	0.288846	
hsa-let-7g	610.476109	1143.747393	503.697317	605.483014	935.831674	401.152406	772.704294	498.046794	419.657389	385.682458	1644.76147	808.769838	
hsa-mir-2053	0.0	0.0	0.0	0.0	0.0	0.0	0.0	0.0	0.0	0.0	0.0	0.0	
hsa-mir-3180-1	0.0	0.0	0.0	0.0	0.0	0.0	0.0	0.0	0.0	0.0	0.0	0.0	
hsa-mir-190b	0.107308	0.0	0.10772	0.0	0.0	0.0	6.104887	0.0	0.600798	0.097027	0.843576	16.464243	
hsa-mir-3611	0.214616	0.0	0.0	0.0	0.0	0.0	0.0	0.0	0.0	0.194054	0.421788	0.0	
hsa-mir-4329	0.0	0.0	0.0	0.0	0.0	0.0	0.0	0.0	0.0	0.0	0.0	0.0	
hsa-mir-589	29.617052	29.066007	33.500827	13.984638	29.352078	60.325668	70.932975	108.234982	17.122742	39.295949	60.315653	74.522364	
hsa-mir-221	196.159312	188.202398	615.725805	194.749028	44.340373	68.829727	217.450268	518.366771	60.079798	57.051896	1932.420739	147.311649	
hsa-mir-3680	0.429233	0.0	0.215439	0.0	0.0	0.132876	2.325671	0.62204	0.0	0.485135	0.0	0.0	
hsa-mir-3144	0.0	0.0	0.0	0.0	0.0	0.0	0.0	0.207347	0.300399	0.0	0.210894	0.288846	
hsa-mir-3612	0.0	0.72665	0.0	0.0	0.0	0.0	0.0	0.0	0.0	0.0	0.0	0.0	
hsa-mir-4253	0.0	0.0	0.0	0.0	0.0	0.0	0.0	0.0	0.0	0.0	0.0	0.0	
hsa-mir-153-1	0.214616	0.0	0.754038	0.51795	0.312256	0.0	3.197798	0.414693	1.802394	0.776216	0.0	2.021925	
hsa-mir-492	0.107308	0.0	0.10772	0.0	0.0	0.0	0.0	0.207347	0.0	0.0	0.0	0.288846	
hsa-mir-4320	0.0	0.0	0.0	0.0	0.0	0.0	0.0	0.0	0.0	0.0	0.0	0.0	
hsa-mir-26a-2	1413.248437	1611.710113	3493.242151	3343.364289	1401.717846	800.311674	5733.94262	2386.145922	1165.84848	1291.817924	4386.803863	1826.086756	
hsa-mir-875	0.0	0.0	0.0	0.0	0.936768	1.727387	0.0	0.0	0.0	0.0	0.0	0.0	
hsa-mir-593	0.0	0.0	0.0	0.0	0.0	0.0	0.0	0.0	0.0	0.0	0.0	0.0	
hsa-mir-525	7.726187	0.0	0.10772	0.0	0.0	0.0	0.0	0.0	0.0	0.097027	0.0	0.0	
hsa-mir-1224	0.429233	0.0	0.10772	0.0	0.936768	0.0	1.453545	0.414693	1.201596	10.770001	1.054469	48.52619	
hsa-mir-3132	0.0	0.0	0.0	0.0	0.0	0.0	0.0	0.0	0.0	0.0	0.0	0.0	
hsa-mir-451	36.484774	98.097775	473.751241	106.697606	486.807334	409.390713	47.676262	123.163945	320.225323	450.302462	1648.135772	339.105639	
hsa-mir-1255a	0.0	1.4533	0.323159	0.51795	0.0	0.265752	0.581418	0.62204	0.600798	0.679189	0.632682	0.288846	
hsa-mir-302a	0.0	0.0	0.0	0.0	0.0	0.0	0.0	0.0	0.0	0.194054	0.0	0.0	
hsa-mir-548d-1	0.214616	0.0	0.10772	0.0	0.0	0.0	0.0	0.0	0.0	0.097027	0.0	0.0	
hsa-mir-3118-3	0.0	0.0	0.0	0.0	0.0	0.0	0.0	0.0	0.0	0.0	0.0	0.0	
hsa-mir-3117	0.107308	2.179951	0.754038	1.553849	1.249025	0.398628	0.581418	2.488161	0.300399	0.097027	5.483241	1.155385	
hsa-mir-1304	0.858465	0.72665	0.10772	4.143596	0.624512	0.132876	2.325671	0.0	0.901197	0.291081	0.0	0.577693	
hsa-mir-1827	0.0	0.0	0.0	0.0	0.0	0.0	0.290709	0.0	0.0	0.0	0.0	0.0	
hsa-mir-924	0.0	0.0	0.0	0.0	0.0	0.0	0.0	0.0	0.0	0.0	0.0	0.0	
hsa-mir-2861	0.0	0.0	0.0	0.0	0.0	0.0	0.581418	0.0	0.0	0.0	0.0	0.0	
hsa-mir-3193	0.107308	0.0	0.646318	0.0	0.936768	0.132876	1.453545	1.658774	0.0	0.582162	1.265363	2.021925	
hsa-mir-3671	0.0	0.0	0.0	0.0	0.0	0.0	0.0	0.0	0.0	0.0	0.0	0.0	
hsa-mir-941-3	0.0	0.0	0.0	0.0	0.0	0.0	0.0	0.0	0.0	0.0	0.0	0.0	
hsa-mir-515-2	1.716931	0.0	0.0	0.0	0.0	0.0	0.0	0.0	0.0	0.0	0.0	0.0	
hsa-mir-936	0.0	0.0	0.0	0.0	0.0	0.0	0.0	0.0	0.0	0.0	0.0	0.0	
hsa-mir-3652	0.858465	1.4533	0.754038	0.0	0.0	0.132876	2.034962	0.829387	1.201596	0.291081	1.898045	2.599617	
hsa-mir-3661	0.0	0.0	0.0	0.0	0.0	0.0	0.0	0.207347	0.0	0.0	0.0	0.0	
hsa-mir-3916	0.0	0.72665	0.10772	0.0	0.0	0.0	0.0	0.0	0.0	0.0	0.0	0.0	
hsa-mir-596	0.0	0.0	0.0	0.0	0.0	0.0	0.0	0.0	0.0	0.0	0.0	0.0	
hsa-mir-1322	0.0	0.0	0.0	0.0	0.0	0.0	0.0	0.0	0.0	0.0	0.210894	0.0	
hsa-mir-4289	0.0	0.0	0.0	0.0	0.0	0.0	1.162836	0.207347	0.0	0.0	0.0	0.0	
hsa-mir-676	0.858465	0.0	0.754038	0.0	2.498049	0.132876	0.290709	0.62204	0.300399	1.455406	13.286315	2.310771	
hsa-mir-634	0.0	0.0	0.0	0.0	0.0	0.0	0.0	0.0	0.0	0.0	0.0	0.0	
hsa-mir-511-2	3.326553	2.179951	8.725296	7.769243	8.743172	0.132876	5.23276	29.857926	0.300399	2.716757	2.530727	0.577693	
hsa-mir-431	10.301583	12.353053	6.678621	4.143596	2.810305	0.797256	4.360634	12.026109	6.308379	66.172437	3.585196	3.466156	
hsa-mir-302c	0.0	0.0	0.0	0.0	0.0	0.0	0.0	0.0	0.0	0.0	0.0	0.0	
hsa-mir-580	0.429233	0.0	0.10772	0.51795	0.0	0.398628	0.0	0.207347	0.600798	0.582162	0.210894	0.577693	
hsa-mir-3120	0.0	0.0	0.0	0.0	0.0	0.0	0.0	0.0	0.0	0.0	0.0	0.0	
hsa-mir-1183	0.0	0.0	0.0	0.0	0.0	0.0	0.0	0.0	0.0	0.0	0.0	0.0	
hsa-mir-326	37.987088	54.498764	46.427191	32.112872	48.087447	7.308176	153.494307	194.698559	15.019949	48.707571	18.347769	47.081958	
hsa-mir-34b	1.395006	0.72665	3.66247	0.51795	1.873537	0.0	0.0	16.173043	0.600798	2.522703	1.687151	109.761621	
hsa-mir-1302-5	0.0	0.0	0.0	0.0	0.0	0.0	0.0	0.0	0.0	0.0	0.0	0.0	
hsa-mir-624	0.858465	0.0	1.938955	3.107697	0.624512	0.66438	6.104887	0.414693	0.600798	0.97027	0.210894	1.733078	
hsa-mir-551b	1.502314	0.72665	2.692992	0.0	2.810305	21.924527	0.0	13.062843	0.0	11.352163	17.504193	0.577693	
hsa-mir-4282	0.0	0.0	0.0	0.0	0.0	0.0	0.0	0.0	0.0	0.0	0.0	0.0	
hsa-mir-3937	0.0	0.0	0.0	0.0	0.0	0.0	0.0	0.0	0.0	0.0	0.0	0.0	
hsa-mir-1292	0.643849	0.72665	0.10772	0.51795	0.312256	0.398628	0.581418	0.414693	0.300399	0.194054	1.265363	1.733078	
hsa-mir-641	0.0	0.0	0.323159	0.0	0.0	0.265752	0.581418	0.0	0.0	0.097027	0.0	0.0	
hsa-mir-1252	0.0	0.0	0.0	0.0	0.0	0.0	0.0	0.0	0.0	0.0	0.0	0.0	
hsa-mir-3945	0.0	0.72665	0.10772	0.0	0.0	0.0	0.0	0.0	0.0	0.0	0.0	0.0	
hsa-mir-128-1	42.49403	62.491916	69.263767	84.425775	56.518363	746.895553	124.132706	145.972083	55.573813	42.885949	86.044708	159.443197	
hsa-mir-33b	2.575396	8.719802	7.00178	2.589748	1.873537	0.531504	9.884103	4.146934	0.901197	2.328649	2.952514	4.043849	
hsa-mir-769	22.320097	21.799506	18.850947	8.805142	12.802502	34.946367	18.896079	35.24894	19.826333	15.03919	21.300283	75.388903	
hsa-mir-367	0.0	0.0	0.0	0.0	0.0	0.0	0.0	0.0	0.0	0.0	0.0	0.0	
hsa-mir-4276	0.0	0.0	0.0	0.0	0.0	0.0	0.0	0.0	0.0	0.0	0.0	0.0	
hsa-mir-569	0.0	0.0	0.0	0.0	0.0	0.0	0.0	0.0	0.0	0.0	0.0	0.0	
hsa-mir-635	0.0	0.0	0.0	0.0	0.0	0.0	0.0	0.0	0.0	0.0	0.0	0.0	
hsa-mir-133a-2	5.580024	0.72665	0.646318	1.035899	0.0	0.0	0.0	0.414693	0.600798	7.665136	1.687151	0.288846	
hsa-mir-4292	0.0	0.0	0.0	0.0	0.0	0.0	0.0	0.0	0.0	0.0	0.0	0.0	
hsa-mir-106b	601.462224	1829.705169	731.093604	990.837473	402.498174	397.697632	1056.145485	720.529812	391.419884	683.167343	517.111825	1055.155792	
hsa-mir-558	0.0	0.0	0.0	0.0	0.0	0.0	0.0	0.0	0.0	0.0	0.0	0.0	
hsa-mir-940	5.2581	5.813201	3.44703	5.179495	2.810305	4.517781	3.488507	6.635095	2.703591	7.18	3.79609	8.665391	
hsa-mir-1265	0.0	0.0	0.0	0.0	0.0	0.0	0.0	0.0	0.0	0.0	0.0	0.0	
hsa-mir-513b	0.0	0.0	0.0	0.0	0.0	0.0	0.0	0.0	0.0	0.0	0.0	0.0	
hsa-mir-1972-1	0.0	0.0	0.0	0.0	0.0	0.0	0.0	0.0	0.0	0.0	0.0	0.0	
hsa-mir-765	0.107308	0.0	0.10772	0.0	0.0	0.66438	0.581418	0.62204	0.300399	0.291081	0.421788	0.0	
hsa-mir-1915	0.751157	0.72665	0.0	0.0	0.0	0.797256	0.290709	0.0	0.0	0.097027	0.0	0.0	
hsa-mir-520e	1.395006	0.0	0.0	0.0	0.0	0.0	0.0	0.0	0.0	0.0	0.0	0.0	
hsa-mir-610	0.0	0.0	0.0	0.0	0.0	0.0	0.0	0.0	0.0	0.0	0.0	0.0	
hsa-mir-1202	0.0	0.0	0.0	0.0	0.0	0.0	0.0	0.0	0.0	0.0	0.0	0.0	
hsa-mir-650	0.0	0.0	0.0	0.0	0.0	0.0	0.0	0.0	0.0	0.0	0.0	0.0	
hsa-mir-616	0.751157	2.179951	2.477553	0.0	5.308355	1.594511	4.942052	5.598361	1.501995	1.455406	12.231846	4.332696	
hsa-mir-374c	0.0	0.0	0.0	0.0	0.0	0.132876	0.0	0.0	0.0	0.194054	0.0	0.0	
hsa-mir-1255b-1	0.0	0.0	0.0	0.0	0.0	0.0	0.0	0.0	0.0	0.0	0.0	0.0	
hsa-mir-15a	34.767843	139.516836	117.845352	68.369339	90.242027	91.817262	54.362567	153.021871	78.704535	42.109733	157.748632	318.597547	
hsa-mir-4264	0.0	0.0	0.0	0.0	0.0	0.0	0.0	0.0	0.0	0.0	0.0	0.0	
hsa-mir-3166	0.0	0.0	0.0	0.0	0.0	0.0	0.0	0.0	0.0	0.097027	0.0	0.577693	
hsa-mir-1206	0.0	0.0	0.0	0.0	0.0	0.0	0.0	0.0	0.0	0.0	0.0	0.0	
hsa-mir-639	0.214616	0.0	1.077197	0.0	0.624512	0.398628	0.872127	0.414693	0.0	0.194054	1.687151	1.444232	
hsa-mir-3678	0.107308	0.72665	0.0	1.553849	0.312256	0.66438	0.0	1.24408	0.0	0.0	0.210894	0.288846	
hsa-mir-138-2	0.214616	0.0	4.631947	0.51795	0.0	0.132876	0.872127	5.183668	0.0	0.582162	70.227666	1.444232	
hsa-mir-497	9.33581	135.883585	38.348213	5.697445	39.968787	17.938249	15.116864	55.568918	28.537904	32.795137	36.27375	160.887428	
hsa-mir-888	0.0	0.0	0.10772	0.0	0.0	0.0	0.0	0.0	0.0	0.0	0.421788	2.599617	
hsa-mir-3182	0.0	0.0	0.0	0.0	0.0	0.0	0.0	0.0	0.0	0.0	0.0	0.0	
hsa-mir-9-1	773.369893	15830.074307	203.051634	530.89828	330.367004	223.763051	74.421482	1284.305513	477.934793	4328.181909	14.551679	20368.290677	
hsa-mir-143	359744.804032	52187.289726	105612.918091	560561.250123	153047.354582	28564.868297	204554.420273	91235.454628	399519.842254	506550.392057	47894.635724	77031.86091	
hsa-mir-4313	0.0	0.0	0.0	0.0	0.0	0.0	0.0	0.0	0.0	0.0	0.0	0.0	
hsa-mir-3934	0.536541	0.0	2.477553	2.071798	1.249025	0.531504	3.197798	2.488161	0.600798	1.455406	6.748605	4.043849	
hsa-mir-3188	0.429233	0.0	0.323159	0.51795	0.0	0.0	0.0	0.414693	0.300399	0.0	0.210894	0.0	
hsa-mir-329-2	0.536541	0.0	0.430879	0.0	0.0	0.0	0.872127	0.207347	0.0	0.97027	0.0	0.0	
hsa-mir-92a-1	50.756759	1151.013895	40.933486	16.056436	39.344275	55.542135	12.209774	130.213733	235.512808	22.413245	250.963732	177.929364	
hsa-mir-877	3.970402	5.813201	1.184917	4.661546	2.185793	4.119154	9.593394	1.658774	0.600798	1.64946	5.061453	5.488081	
hsa-mir-591	0.0	0.0	0.0	0.0	0.0	0.0	0.0	0.0	0.0	0.0	0.0	0.0	
hsa-mir-320a	450.80157	364.051743	588.041842	408.144239	379.391219	251.534119	608.163048	494.729247	240.619591	1010.3425	1044.557451	971.679191	
hsa-mir-137	0.0	0.0	0.0	0.51795	0.0	0.0	0.0	0.414693	0.0	1.067297	0.421788	0.288846	
hsa-mir-3143	0.107308	0.0	0.0	0.0	0.312256	0.0	0.0	0.414693	0.0	0.0	0.210894	0.577693	
hsa-mir-759	0.0	0.0	0.0	0.0	0.0	0.0	0.0	0.0	0.0	0.0	0.0	0.0	
hsa-mir-4330	0.0	0.0	0.0	0.0	0.0	0.0	0.0	0.0	0.0	0.0	0.0	0.0	
hsa-mir-1179	0.0	0.0	0.10772	0.0	0.0	0.132876	0.0	0.0	0.0	0.485135	17.925981	0.0	
hsa-let-7c	1110.532124	3914.464553	2730.802114	1123.950505	2746.917329	1325.171563	310.47712	1750.835607	4383.121662	1558.739293	6879.569675	5854.627088	
hsa-mir-133b	19.315468	0.72665	2.154394	6.215394	0.312256	0.0	0.0	1.24408	3.304389	32.407029	5.694135	2.310771	
hsa-mir-587	0.0	0.0	0.0	0.0	0.0	0.132876	0.0	0.0	0.0	0.0	0.0	0.0	
hsa-mir-378b	0.107308	0.0	0.861758	2.589748	0.624512	0.66438	1.162836	2.073467	0.300399	0.194054	0.210894	0.288846	
hsa-mir-887	1.609622	4.359901	4.631947	2.071798	2.498049	10.09857	0.290709	4.561628	2.102793	7.665136	9.068437	17.330782	
hsa-mir-3198	0.0	0.0	0.0	0.0	0.0	0.132876	0.0	0.207347	0.0	0.0	0.0	0.0	
hsa-mir-602	0.0	0.0	0.10772	0.0	0.0	0.0	0.0	0.0	0.0	0.0	0.0	0.0	
hsa-mir-663	0.0	0.0	0.0	0.0	0.0	0.132876	0.0	0.414693	0.0	0.0	0.0	0.288846	
hsa-mir-146b	326.002183	685.231126	536.444106	824.05772	511.163313	193.998845	628.803381	1627.879009	196.460939	167.274606	3891.203215	552.563107	
hsa-mir-517c	1.073082	0.0	0.0	0.0	0.0	0.0	0.0	0.0	0.0	0.0	0.0	0.0	
hsa-mir-3201	0.0	0.0	0.0	0.0	0.0	0.0	0.0	0.0	0.0	0.0	0.0	0.0	
hsa-mir-618	0.536541	0.0	0.430879	0.51795	1.873537	1.727387	0.0	0.62204	0.0	0.582162	1.476257	0.0	
hsa-mir-575	0.0	0.0	0.0	0.0	0.0	0.0	0.0	0.0	0.0	0.0	0.0	0.0	
hsa-mir-450b	14.379293	5.813201	9.587053	3.625647	100.858736	1.461635	5.523469	7.464482	8.711571	13.777839	68.118727	12.998087	
hsa-mir-3662	0.0	0.72665	0.0	0.0	0.0	0.132876	0.290709	0.207347	0.300399	0.097027	0.0	0.0	
hsa-mir-125a	289.732026	1310.876936	651.704185	152.795115	784.699699	742.11202	391.584907	681.963325	259.244328	600.015175	3346.253396	1025.693462	
hsa-mir-488	0.0	0.0	0.323159	0.0	0.0	0.0	0.0	0.0	0.0	1.940541	0.421788	13.286933	
hsa-mir-548p	0.0	0.0	0.0	0.0	0.0	0.0	0.0	0.0	0.0	0.0	0.0	0.0	
hsa-mir-3620	0.751157	4.359901	0.0	0.0	0.624512	0.398628	1.162836	0.62204	0.600798	0.097027	0.632682	1.155385	
hsa-mir-1237	1.18039	0.72665	0.215439	0.0	0.0	0.0	0.872127	0.414693	0.300399	0.097027	0.843576	1.444232	
hsa-mir-3202-2	0.107308	0.0	0.0	0.0	0.312256	0.0	0.0	0.0	0.0	0.0	0.0	0.0	
hsa-mir-921	0.0	0.0	0.0	0.0	0.0	0.0	0.0	0.0	0.0	0.0	0.0	0.0	
hsa-mir-3135	0.0	0.0	0.0	0.0	0.0	0.0	0.290709	0.0	0.0	0.0	0.0	0.288846	
hsa-mir-196b	641.810091	357.511892	1201.397814	80.282179	7801.095332	898.772731	7.267723	215.018537	150.199495	393.735702	4.217878	2631.679283	
hsa-mir-630	0.0	0.0	0.0	0.0	0.0	0.0	0.0	0.0	0.0	0.0	0.0	0.0	
hsa-mir-218-2	21.461632	37.78581	81.328373	33.66672	22.170186	10.497198	10.465521	82.731337	38.150672	122.351089	161.122934	163.775892	
hsa-mir-185	37.772472	27.612707	38.240493	72.512936	45.277141	46.107945	52.909022	118.602317	38.451071	37.840543	133.28494	50.836961	
hsa-mir-518a-2	0.858465	0.0	0.0	0.0	0.0	0.0	0.0	0.414693	0.0	0.97027	0.0	0.288846	
hsa-mir-19b-1	2.253471	27.612707	5.709144	3.107697	2.810305	5.049285	2.61638	13.270189	2.403192	4.366217	10.966482	3.466156	
hsa-mir-3151	0.0	0.0	0.0	0.0	0.0	0.0	0.0	0.0	0.0	0.0	0.0	0.0	
hsa-mir-3177	0.0	0.0	0.0	0.0	0.312256	0.132876	2.034962	0.207347	0.0	0.0	0.421788	0.0	
hsa-mir-1306	7.618879	10.173103	5.385985	3.107697	2.498049	2.790394	4.942052	11.818762	6.00798	3.395946	8.857543	7.510006	
hsa-mir-3918	0.0	0.0	0.10772	0.0	0.0	0.132876	0.290709	0.207347	0.0	0.0	0.0	0.0	
hsa-mir-208b	0.0	0.0	0.0	0.0	0.0	0.0	0.0	0.0	0.0	0.097027	0.0	0.0	
hsa-mir-147	0.0	0.0	0.0	0.0	0.0	0.0	0.0	0.0	0.0	0.097027	0.0	0.0	
hsa-mir-563	0.0	0.0	0.0	0.0	0.0	0.0	0.0	0.0	0.0	0.0	0.0	0.0	
hsa-mir-1226	15.452375	6.539852	0.430879	1.035899	1.561281	9.168439	2.034962	2.280814	0.901197	1.940541	2.952514	8.376545	
hsa-mir-340	16.847381	23.979456	10.233371	110.323252	42.779092	13.420468	58.141783	8.293868	15.019949	13.971893	13.075421	16.75309	
hsa-mir-3622a	0.0	0.0	0.215439	0.0	0.0	2.657518	0.0	0.414693	0.300399	0.097027	1.687151	0.0	
hsa-mir-1307	992.815075	1733.060694	1309.332953	398.303197	973.302412	2132.52566	1984.088338	1153.055046	447.594495	825.506001	1726.5883	3597.003854	
hsa-mir-656	0.536541	0.0	0.646318	1.553849	0.0	0.132876	0.581418	0.414693	0.0	1.552433	0.0	1.444232	
hsa-mir-320c-1	0.214616	0.72665	0.646318	0.0	0.624512	0.265752	0.581418	0.207347	0.300399	0.194054	0.843576	0.577693	
hsa-mir-29b-2	185.428496	398.930952	226.534529	59.046248	218.891559	147.359397	326.175402	404.533428	49.565833	178.432715	1027.685939	309.065617	
hsa-mir-3935	0.0	0.0	0.0	0.0	0.0	0.0	0.0	0.0	0.0	0.0	0.0	0.0	
hsa-mir-3664	0.107308	0.72665	0.430879	0.0	0.312256	0.398628	1.453545	0.207347	0.0	0.485135	1.476257	1.155385	
hsa-mir-3179-2	0.0	0.0	0.0	0.0	0.0	0.0	0.0	0.0	0.0	0.0	0.0	0.288846	
hsa-mir-585	0.321924	0.0	0.538598	2.589748	1.561281	0.265752	0.290709	0.414693	0.0	1.940541	6.115923	0.577693	
hsa-mir-1289-1	0.0	0.0	0.0	0.0	0.0	0.132876	0.0	0.0	0.300399	0.0	0.0	0.288846	
hsa-mir-548f-2	0.0	0.0	0.0	0.0	0.0	0.0	0.0	0.0	0.0	0.0	0.0	0.0	
hsa-mir-601	0.0	0.0	0.0	0.0	0.0	0.0	0.0	0.0	0.0	0.0	0.0	0.0	
hsa-mir-148b	308.618262	550.074191	238.275976	118.092495	500.858861	446.33022	599.441781	259.598079	270.359091	324.749481	1845.743349	380.41067	
hsa-mir-941-1	0.107308	0.0	0.0	0.0	0.0	0.0	0.0	0.0	0.0	0.0	0.0	0.0	
hsa-mir-30a	6775.759001	91584.809523	56657.869199	1337.345716	122695.744792	323079.29849	2760.281139	23371.498951	10171.509799	15945.034574	139284.238782	59943.709619	
hsa-mir-548i-2	0.0	0.0	0.0	0.0	0.0	0.0	0.0	0.0	0.0	0.0	0.0	0.0	
hsa-mir-302e	0.0	0.0	0.0	0.0	0.0	0.0	0.0	0.0	0.0	0.0	0.0	0.0	
hsa-mir-1324	0.0	0.0	0.0	0.0	0.0	0.0	0.0	0.0	0.0	0.0	0.0	0.0	
hsa-mir-1290	0.0	0.0	0.0	0.0	0.0	0.0	0.0	0.0	0.0	0.0	0.0	0.0	
hsa-mir-1538	0.321924	0.0	0.10772	0.51795	0.0	0.132876	0.0	0.62204	0.0	0.0	0.210894	0.288846	
hsa-let-7f-2	10766.87131	5886.593159	4371.696304	38251.091579	27957.854163	6716.346316	18953.639777	6859.236466	11554.24635	3814.132686	14776.280595	3884.117147	
hsa-mir-3647	5.2581	26.886057	4.093349	2.071798	3.434818	1.594511	3.488507	12.026109	1.501995	5.23946	4.428772	5.199235	
hsa-mir-1283-2	0.107308	0.0	0.0	0.0	0.0	0.0	0.0	0.0	0.0	0.291081	0.0	0.0	
hsa-mir-550b-1	0.0	0.0	0.0	0.0	0.0	0.0	0.0	0.0	0.0	0.0	0.0	0.0	
hsa-mir-663b	0.0	0.0	0.0	0.0	0.0	0.0	0.0	0.0	0.0	0.0	0.0	0.0	
hsa-mir-4274	0.0	0.0	0.0	0.0	0.0	0.0	0.0	0.0	0.0	0.0	0.0	0.0	
hsa-mir-1299	0.0	0.0	0.0	0.0	0.0	0.0	0.0	0.0	0.0	0.0	0.0	0.0	
hsa-mir-4256	0.0	0.0	0.0	0.0	0.0	0.0	0.0	0.0	0.0	0.0	0.0	0.0	
hsa-mir-608	0.0	0.0	0.0	0.0	0.0	0.0	0.0	0.0	0.0	0.0	0.0	0.0	
hsa-mir-1184-1	0.0	0.0	0.0	0.0	0.0	0.0	0.0	0.0	0.0	0.0	0.0	0.0	
hsa-mir-101-2	2.89732	2.906601	0.538598	0.0	3.122561	2.524643	1.744253	0.829387	0.600798	0.485135	7.59218	1.733078	
hsa-mir-1471	0.0	0.0	0.0	0.0	0.0	0.0	0.0	0.0	0.0	0.0	0.0	0.0	
hsa-mir-328	41.528257	227.441508	27.899402	5.697445	96.799406	170.878435	12.209774	75.059509	25.834313	15.912433	557.181665	47.370805	
hsa-mir-3122	0.0	0.0	0.0	0.0	0.0	0.0	0.0	0.0	0.0	0.0	0.0	0.0	
hsa-mir-320b-2	33.694762	19.619555	79.712578	82.353977	24.980492	19.001257	194.774972	60.545239	23.130722	111.775143	60.526547	81.743523	
hsa-mir-938	0.0	0.72665	0.0	0.0	0.0	0.132876	0.0	0.207347	0.0	0.194054	0.210894	0.0	
hsa-mir-1302-8	0.0	0.0	0.0	0.0	0.0	0.0	0.0	0.0	0.0	0.0	0.0	0.0	
hsa-mir-210	395.859794	3745.88171	664.30739	57.492399	4711.945265	649.098875	807.007945	4202.710436	165.519843	135.255685	248.854793	999.986135	
hsa-mir-214	43.67442	36.332509	48.366145	47.651358	1.249025	1.727387	7.267723	29.650579	9.01197	23.965677	10.755589	22.530017	
hsa-mir-514b	0.0	0.0	0.10772	0.0	0.0	0.0	0.0	0.0	0.0	0.0	0.210894	0.288846	
hsa-mir-216a	0.429233	0.0	0.0	0.0	0.624512	0.531504	1.162836	0.62204	2.703591	1.843514	2.741621	0.288846	
hsa-mir-3687	0.0	0.0	0.969477	0.0	0.936768	0.398628	0.872127	1.24408	0.901197	0.97027	0.632682	0.866539	
hsa-mir-516b-1	1.287698	0.0	0.0	0.0	0.0	0.0	0.0	0.414693	0.0	0.097027	0.0	0.0	
hsa-mir-573	0.0	0.72665	0.0	0.0	0.0	0.0	0.0	0.414693	0.0	0.194054	0.0	0.0	
hsa-mir-376c	8.262728	2.906601	6.032303	4.661546	0.624512	0.398628	0.290709	4.354281	1.501995	14.554055	0.843576	4.910388	
hsa-mir-944	52.259073	0.72665	0.215439	713.734468	1.249025	0.0	1.162836	43.750156	0.901197	0.291081	0.0	0.288846	
hsa-mir-4284	0.107308	0.0	0.0	0.0	0.0	0.132876	0.290709	0.207347	0.0	0.194054	0.0	0.288846	
hsa-mir-422a	0.0	0.0	0.0	0.0	0.0	0.0	0.0	0.207347	0.0	0.0	0.0	0.0	
hsa-mir-27a	1533.218957	7857.995114	2172.706349	2378.942243	729.43036	1040.949967	1411.682487	2752.94225	383.309111	1855.933096	761.116059	2063.229626	
hsa-mir-124-3	0.0	0.0	0.10772	0.0	0.0	0.0	0.0	0.0	0.0	0.291081	0.421788	0.0	
hsa-mir-767	0.643849	0.0	0.10772	12.430789	0.0	0.0	0.0	3.732241	13.217556	25.51811	0.0	0.0	
hsa-mir-526b	20.603166	0.0	0.215439	0.0	0.312256	0.0	0.0	0.0	0.0	1.067297	0.0	0.0	
hsa-mir-27b	2193.807976	1079.802177	1692.491926	1328.540574	1039.500715	1373.538398	2221.88823	2981.645669	784.942561	1677.403355	4137.527282	3904.914086	
hsa-mir-942	2.89732	5.813201	7.971258	3.625647	3.747074	1.860263	9.011976	8.915908	1.201596	8.441352	5.483241	8.665391	
hsa-mir-3942	0.0	0.0	0.0	0.0	0.312256	0.132876	0.0	0.0	0.0	0.291081	0.421788	0.577693	
hsa-mir-3685	0.0	0.0	0.0	0.0	0.0	0.0	0.0	0.0	0.0	0.0	0.0	0.0	
hsa-mir-362	1.824239	5.813201	15.942516	3.625647	4.996098	16.875242	2.61638	9.745295	3.905187	2.716757	25.307267	13.575779	
hsa-mir-372	0.321924	0.0	0.0	0.0	0.624512	0.0	0.290709	0.829387	0.0	135.061631	0.632682	0.0	
hsa-mir-1910	1.824239	0.0	0.10772	2.589748	0.0	0.0	0.0	1.86612	0.0	0.097027	0.0	0.0	
hsa-mir-3618	0.107308	0.0	0.10772	0.0	0.0	0.0	0.0	0.414693	0.0	0.0	0.0	0.288846	
hsa-mir-219-1	2.682704	4.359901	1.831235	1.553849	1.249025	7.441052	1.162836	5.598361	4.806384	2.425676	7.803074	6.932313	
hsa-mir-3158-2	0.214616	0.0	0.538598	0.51795	1.249025	0.265752	0.581418	0.207347	0.0	0.097027	0.632682	0.866539	
hsa-mir-3170	1.073082	2.906601	1.292636	0.0	2.185793	4.384905	1.744253	1.24408	0.600798	2.134595	1.898045	1.155385	
hsa-mir-4255	0.0	0.0	0.0	0.0	0.0	0.0	0.0	0.0	0.0	0.0	0.0	0.0	
hsa-mir-4301	0.0	0.0	0.0	0.0	0.0	0.0	0.0	0.0	0.0	0.0	0.0	0.0	
hsa-mir-505	42.172106	70.485068	45.349994	16.574385	24.668236	46.639448	12.500483	49.14117	14.118753	38.228651	49.560065	90.120068	
hsa-mir-4306	0.0	0.0	0.969477	0.51795	0.312256	0.0	2.61638	0.0	0.0	0.0	0.210894	0.0	
hsa-mir-653	3.111937	8.719802	3.231591	2.589748	582.045459	16.210862	0.872127	14.928963	1.802394	7.665136	18.769556	2.888464	
hsa-mir-637	0.0	0.0	0.0	0.0	0.0	0.0	0.0	0.0	0.0	0.0	0.0	0.0	
hsa-mir-744	24.037027	43.599011	22.513417	33.148771	41.217811	62.053055	31.977981	69.461147	19.826333	24.450812	112.617339	108.606235	
hsa-mir-411	13.198903	1.4533	5.816864	30.559023	0.936768	0.66438	2.907089	8.708562	5.707581	15.03919	2.319833	3.755003	
hsa-mir-548b	0.0	0.0	0.323159	0.51795	0.312256	0.0	0.0	2.073467	0.0	3.298919	4.006984	0.288846	
hsa-mir-3607	11.481973	82.111471	32.31591	0.0	97.736174	36.673754	6.104887	78.169709	2.403192	50.260003	28.470676	25.129634	
hsa-mir-4294	0.0	0.0	0.0	0.0	0.0	0.0	0.0	0.0	0.0	0.0	0.0	0.0	
hsa-mir-1204	0.0	0.0	0.0	0.0	0.0	0.0	0.0	0.0	0.0	0.0	0.0	0.0	
hsa-mir-671	12.340438	18.892905	4.416508	3.107697	2.185793	4.783533	7.558432	16.173043	1.201596	4.657298	15.395254	11.265008	
hsa-mir-761	0.0	0.0	0.0	0.0	0.0	0.0	0.0	0.0	0.0	0.0	0.0	0.0	
hsa-mir-1200	0.0	0.0	0.0	0.0	0.0	0.0	0.0	0.0	0.0	0.0	0.0	0.0	
hsa-mir-199b	2346.18556	6391.615038	4698.733313	1015.699051	493.052457	230.406847	760.494519	3574.035216	836.310788	1672.163895	1576.01006	2142.662378	
hsa-mir-301a	22.534713	54.498764	6.894061	2.071798	7.494148	20.86152	1.453545	9.123255	4.505985	20.569731	27.416206	38.416567	
hsa-mir-191	752.766726	2044.066974	328.975964	231.005495	277.907971	252.597126	163.669119	307.495169	646.158227	229.468934	904.102118	1617.828522	
hsa-mir-642b	0.0	0.0	0.10772	0.0	0.0	0.0	0.581418	0.0	0.300399	0.0	0.0	0.0	
hsa-mir-4286	0.0	1.4533	0.0	0.0	0.0	0.0	0.0	0.0	0.0	0.0	0.210894	0.288846	
hsa-mir-498	0.965773	0.0	0.10772	0.0	0.0	0.0	0.0	0.0	0.0	0.097027	0.0	0.0	
hsa-mir-3065	45.498659	45.052312	138.742974	8.805142	14.051527	15.679359	43.606337	103.051314	24.933116	48.901625	167.871539	28.306944	
hsa-mir-4268	0.0	0.0	0.0	0.0	0.0	0.0	0.0	0.0	0.0	0.0	0.0	0.0	
hsa-mir-3154	0.0	0.0	0.430879	0.0	0.312256	0.0	0.0	0.0	0.0	0.097027	0.210894	0.0	
hsa-mir-1537	0.0	0.0	0.323159	0.0	0.312256	0.132876	0.0	0.0	0.0	0.194054	0.0	0.288846	
hsa-mir-2110	1.609622	2.906601	1.723515	2.589748	0.936768	1.063007	2.907089	4.354281	1.501995	0.873243	2.952514	6.932313	
hsa-mir-566	0.0	0.0	0.0	0.0	0.0	0.0	0.0	0.0	0.0	0.0	0.0	0.0	
hsa-mir-193b	141.110227	119.170631	36.409259	62.153945	29.664334	58.066778	50.87406	132.2872	15.921146	39.684057	39.226264	47.370805	
hsa-mir-188	1.18039	6.539852	3.770189	2.589748	2.185793	13.420468	1.744253	5.598361	0.600798	2.61973	1.898045	8.665391	
hsa-mir-2277	0.107308	1.4533	1.938955	0.0	0.936768	0.132876	0.872127	1.86612	0.0	0.291081	1.898045	1.444232	
hsa-mir-4303	0.0	0.0	0.0	0.0	0.0	0.0	0.0	0.0	0.0	0.0	0.0	0.0	
hsa-mir-96	49.254444	89.377973	44.272797	10.358991	0.936768	1.993139	22.675295	12.648149	5.407182	3.881081	13.918997	80.010445	
hsa-mir-3684	0.107308	0.0	0.215439	0.0	0.312256	0.132876	0.290709	0.829387	0.0	0.097027	0.0	0.288846	
hsa-mir-517a	6.653106	0.0	0.215439	0.0	0.0	0.0	0.0	0.0	0.0	0.097027	0.0	0.0	
hsa-mir-129-1	0.107308	2.179951	0.430879	0.0	0.936768	1.063007	0.290709	31.102006	0.901197	9.411622	1.054469	9.820777	
hsa-mir-597	0.0	0.0	0.0	0.0	0.0	0.0	0.581418	0.414693	0.0	0.0	0.0	0.0	
hsa-mir-3137	0.0	0.72665	0.0	0.0	0.0	0.0	0.0	0.207347	0.0	0.0	0.0	0.0	
hsa-mir-3186	0.0	0.72665	0.0	0.0	0.0	0.0	1.162836	0.0	0.0	1.164324	0.0	0.0	
hsa-mir-3616	0.0	0.0	0.646318	0.0	0.0	0.0	1.162836	0.0	0.0	0.291081	0.210894	4.910388	
hsa-mir-20a	160.640312	474.502572	118.922549	109.805303	122.40441	221.637037	132.563265	464.041934	126.768374	94.601358	464.599246	543.320023	
hsa-mir-26b	691.38646	918.485835	1116.51469	559.903454	853.396051	294.718793	386.933565	497.839447	475.832	451.466787	2561.095433	1202.178595	
hsa-mir-449b	0.107308	0.0	0.0	0.0	0.0	0.0	0.0	0.207347	0.901197	0.679189	0.0	105.140079	
hsa-mir-553	0.0	0.0	0.0	0.0	0.0	0.0	0.0	0.0	0.0	0.0	0.0	0.0	
hsa-mir-643	0.214616	0.72665	0.430879	0.51795	1.561281	0.398628	1.744253	0.62204	0.901197	0.291081	1.054469	0.0	
hsa-mir-1254	0.214616	2.179951	0.861758	0.0	0.0	1.860263	2.61638	0.207347	0.300399	0.291081	0.421788	0.288846	
hsa-mir-3615	3.755786	5.086551	4.308788	1.035899	3.122561	4.916409	8.13985	9.745295	0.901197	3.395946	5.694135	14.442319	
hsa-mir-3125	0.0	0.0	0.0	0.51795	0.0	0.0	0.0	0.0	0.300399	0.0	0.0	0.0	
hsa-mir-455	104.410837	768.069247	284.164569	138.292528	568.306188	840.83883	73.549355	867.538629	23.130722	189.881905	241.895295	587.513518	
hsa-mir-590	12.018514	21.072855	15.403917	8.805142	21.233418	8.504059	18.314662	13.062843	5.707581	15.912433	19.191344	21.663478	
hsa-mir-622	0.0	0.0	0.10772	0.0	0.0	0.0	0.0	0.0	0.0	0.0	0.0	0.0	
hsa-mir-125b-2	9.013885	30.519308	28.114842	23.307729	33.723664	17.539622	1.744253	45.201582	56.174611	10.47892	52.090792	80.299291	
hsa-mir-489	0.643849	0.0	0.538598	1.553849	12.17799	0.0	0.0	0.414693	0.0	0.194054	0.421788	0.0	
hsa-let-7d	524.307658	1026.756713	539.460258	392.605752	427.790922	407.663326	995.678031	828.350101	271.560687	237.910286	1667.116222	639.217018	
hsa-mir-520c	3.326553	0.0	0.0	0.0	0.0	0.132876	0.0	0.0	0.300399	0.0	0.0	0.0	
hsa-mir-3130-1	1.502314	0.0	15.403917	1.553849	2.498049	3.321898	127.621213	7.671828	2.703591	3.687027	5.483241	1.733078	
hsa-mir-660	10.086967	36.332509	47.504388	16.056436	21.545674	107.49662	9.011976	80.865216	14.419152	20.569731	93.636888	58.92466	
hsa-mir-519a-2	5.043483	2.179951	0.10772	0.0	0.0	0.0	0.0	0.62204	0.300399	5.918649	0.0	0.288846	
hsa-mir-1297	0.0	0.0	0.10772	0.0	0.0	0.0	0.0	0.0	0.0	0.0	0.0	0.0	
hsa-mir-491	1.609622	3.633251	2.154394	0.51795	1.249025	1.063007	1.453545	3.939587	3.00399	1.843514	14.551679	2.310771	
hsa-mir-3657	0.0	0.0	0.0	0.0	0.0	0.0	0.0	0.0	0.0	0.0	0.210894	0.0	
hsa-mir-139	28.865894	24.706106	11.633728	27.969275	142.701059	24.050542	41.862084	63.240746	26.73551	44.438381	199.92741	10.109623	
hsa-mir-2355	17.598538	27.612707	31.023274	38.846216	49.648727	12.756088	59.304618	87.085618	9.913167	75.001897	32.688553	24.551942	
hsa-mir-647	0.0	0.0	0.0	0.0	0.0	0.0	0.0	0.0	0.0	0.0	0.0	0.0	
hsa-mir-190	1.18039	5.086551	6.355462	1.553849	11.553477	8.371183	3.779216	1.451427	2.403192	3.007838	21.089389	6.35462	
hsa-mir-762	0.0	0.0	0.0	0.0	0.0	0.0	0.0	0.0	0.0	0.0	0.0	0.0	
hsa-mir-920	0.0	0.0	0.0	0.0	0.0	0.0	0.0	0.0	0.0	0.0	0.0	0.0	
hsa-mir-1238	0.0	0.0	0.0	0.0	0.0	0.0	0.0	0.0	0.0	0.0	0.210894	0.0	
hsa-mir-99b	9702.374386	52439.43734	22057.224367	3833.862505	40561.449043	28161.589876	15141.864497	21855.794511	15249.454325	35433.593437	70366.434465	51436.606309	
hsa-mir-548f-5	0.0	0.0	0.0	0.0	0.0	0.0	0.0	0.0	0.0	0.0	0.0	0.0	
hsa-mir-574	107.522774	271.76717	70.125525	23.307729	22.482443	10.895826	49.129806	110.515796	33.344288	59.962707	188.53914	62.390816	
hsa-mir-4325	0.0	0.0	0.0	0.0	0.0	0.0	0.0	0.0	0.0	0.0	0.0	0.0	
hsa-mir-1302-11	0.0	0.0	0.0	0.0	0.0	0.0	0.0	0.0	0.0	0.0	0.0	0.0	
hsa-mir-373	0.0	0.0	0.0	0.0	0.624512	0.0	0.0	0.0	0.0	8.538379	0.421788	0.0	
hsa-mir-548g	0.0	0.0	0.0	0.0	0.0	0.0	0.0	0.0	0.0	0.0	0.0	0.0	
hsa-mir-135a-1	4.721559	0.72665	24.236932	0.0	9.055428	19.665636	0.0	1.86612	6.909177	0.873243	1848.063182	4.910388	
hsa-mir-3191	0.0	0.0	0.323159	0.0	0.624512	0.398628	1.744253	0.0	0.0	0.097027	0.0	0.288846	
hsa-mir-7-2	0.107308	0.0	0.0	2.589748	0.312256	0.0	0.290709	0.207347	0.300399	2.813784	29.736039	0.0	
hsa-mir-1321	0.0	0.0	0.0	0.0	0.0	0.0	0.0	0.0	0.0	0.0	0.0	0.0	
hsa-mir-103-1-as	0.0	0.0	0.0	0.0	0.0	0.0	0.0	0.0	0.0	0.0	0.0	0.0	
hsa-mir-1243	0.0	0.0	0.0	0.0	0.312256	0.132876	0.0	0.0	0.0	0.291081	0.0	0.0	
hsa-mir-1273c	0.0	0.0	0.0	0.0	0.312256	0.0	0.0	0.0	0.0	0.0	0.0	0.0	
hsa-mir-211	0.0	0.72665	0.430879	0.0	1.873537	0.132876	0.0	0.62204	0.0	0.0	0.210894	0.288846	
hsa-mir-3195	0.0	0.0	0.0	0.0	0.0	0.0	0.0	0.0	0.0	0.0	0.0	0.0	
hsa-mir-3649	0.0	0.0	0.10772	0.0	0.0	0.0	0.0	0.0	0.0	0.0	0.0	0.0	
hsa-mir-3675	0.0	0.0	0.0	0.0	0.0	0.0	0.0	0.0	0.0	0.0	0.0	0.0	
hsa-mir-486	9.443118	31.972608	154.900929	28.487225	320.062551	312.922795	42.443501	67.802374	89.518899	155.922443	563.719375	79.143906	
hsa-mir-3129	0.0	0.72665	0.538598	0.0	0.312256	0.0	0.0	0.207347	0.0	0.097027	0.421788	0.0	
hsa-mir-3163	0.0	0.0	0.0	0.0	0.0	0.0	0.0	0.0	0.0	0.0	0.0	0.0	
hsa-mir-770	0.214616	0.0	0.0	0.51795	0.0	0.0	0.0	0.0	0.0	0.485135	0.0	0.288846	
hsa-mir-1288	0.214616	1.4533	0.0	0.0	0.312256	0.930131	0.0	0.0	0.600798	0.776216	0.632682	0.0	
hsa-mir-606	0.0	0.0	0.0	0.0	0.0	0.0	0.0	0.0	0.0	0.0	0.0	0.0	
hsa-mir-500b	1.502314	2.906601	7.1095	2.071798	2.810305	11.028701	3.197798	6.013055	3.304389	4.269189	10.544695	6.932313	
hsa-mir-3118-4	0.0	0.0	0.0	0.0	0.0	0.0	0.0	0.0	0.0	0.0	0.0	0.0	
hsa-mir-502	5.2581	7.993152	16.373394	2.071798	4.683842	16.343738	6.686305	17.62447	3.00399	6.015676	14.340785	8.087698	
hsa-mir-4295	0.0	0.0	0.0	0.0	0.0	0.0	0.0	0.0	0.0	0.0	0.0	0.0	
hsa-mir-3929	0.107308	0.72665	0.0	0.0	0.0	0.0	0.0	0.0	0.0	0.0	0.0	0.0	
hsa-mir-219-2	0.107308	0.0	0.754038	0.0	0.624512	0.132876	0.872127	0.0	0.0	0.679189	0.210894	4.910388	
hsa-mir-1185-1	0.214616	0.0	0.215439	0.0	0.0	0.0	0.0	0.62204	0.300399	0.679189	0.210894	0.0	
hsa-mir-371	0.107308	0.0	0.0	0.0	0.0	0.0	0.0	0.0	0.0	2.328649	0.0	0.0	
hsa-mir-1227	1.395006	8.719802	0.754038	0.51795	0.0	1.860263	1.744253	1.451427	0.0	0.194054	1.476257	2.310771	
hsa-mir-429	254.427642	255.054215	152.315656	25.897477	9.679941	58.199654	92.445435	45.201582	59.779399	57.051896	282.80871	908.999529	
hsa-mir-518c	8.370036	0.0	0.323159	0.0	0.0	0.0	0.0	0.0	0.0	0.388108	0.0	0.288846	
hsa-mir-1247	59.448719	2.179951	83.051889	14.502587	0.624512	1.461635	2.61638	36.700367	44.158652	114.4919	8.013968	67.012358	
hsa-mir-548v	0.321924	0.0	0.323159	0.0	0.624512	0.265752	1.162836	0.829387	0.901197	1.261351	2.108939	3.17731	
hsa-mir-3146	0.214616	0.0	0.0	0.0	0.0	0.0	0.0	0.0	0.0	0.0	0.0	0.0	
hsa-mir-7-1	16.096224	25.432757	14.542159	12.948739	21.85793	2.790394	18.314662	28.821192	29.439101	56.469733	56.308669	27.440405	
hsa-mir-504	0.0	0.0	0.215439	0.0	1.249025	1.594511	0.0	1.036734	0.901197	1.455406	0.0	0.288846	
hsa-mir-3928	0.751157	15.986304	0.538598	0.51795	2.498049	0.531504	1.453545	1.658774	0.0	1.164324	3.163408	4.043849	
hsa-mir-222	44.532885	110.450828	170.520285	34.702619	44.340373	21.658775	19.768206	115.699463	13.818354	21.24892	679.92191	42.749263	
hsa-mir-21	161954.30046	160348.443297	337613.898771	163788.593715	155912.929247	270335.264552	242085.231784	226359.779715	95858.519285	136702.745846	58519.680934	130370.809417	
hsa-mir-548n	0.0	0.0	0.0	0.0	0.0	0.0	0.0	0.0	0.0	0.0	0.0	0.0	
hsa-mir-1275	0.107308	0.0	0.10772	1.035899	0.624512	0.132876	0.872127	0.829387	0.300399	0.0	0.421788	0.288846	
hsa-mir-4263	0.0	0.0	0.0	0.0	0.0	0.0	0.0	0.0	0.0	0.0	0.0	0.0	
hsa-mir-4317	0.0	0.0	0.0	0.0	0.0	0.0	0.0	0.0	0.0	0.0	0.0	0.0	
hsa-mir-3140	0.107308	0.72665	0.10772	0.0	0.0	0.265752	0.581418	0.62204	0.0	0.291081	0.210894	0.0	
hsa-mir-548i-4	0.0	0.0	0.0	0.0	0.0	0.0	0.0	0.0	0.0	0.0	0.0	0.0	
hsa-mir-10b	20931.421932	33966.536306	13155.59152	5033.951592	129600.040468	9900.186265	16072.42373	1773.851092	159109.028612	17107.030327	37646.668794	67034.599174	
hsa-mir-1302-1	0.0	0.0	0.0	0.0	0.0	0.0	0.0	0.0	0.0	0.0	0.0	0.0	
hsa-mir-1286	0.0	0.0	0.0	0.0	0.0	0.0	0.0	0.0	0.0	0.0	0.0	0.0	
hsa-mir-3176	0.0	0.0	0.0	1.035899	0.312256	0.132876	0.581418	0.207347	0.0	0.194054	0.0	0.0	
hsa-mir-564	0.0	0.0	0.0	0.0	0.0	0.132876	0.0	0.0	0.0	0.0	0.0	0.0	
hsa-mir-1273	0.0	0.0	0.0	0.0	0.0	0.0	0.0	0.0	0.0	0.0	0.0	0.0	
hsa-mir-1184-3	0.0	0.0	0.0	0.0	0.0	0.0	0.0	0.0	0.0	0.0	0.0	0.0	
hsa-mir-320c-2	0.429233	0.72665	0.10772	0.0	0.0	0.265752	0.581418	0.414693	0.0	0.485135	0.210894	0.288846	
hsa-mir-584	207.96321	125.710482	48.366145	110.323252	37.782994	19.001257	12.209774	61.581972	28.237505	128.463792	77.187165	10.398469	
hsa-mir-4308	0.0	0.0	0.0	0.0	0.0	0.0	0.0	0.0	0.0	0.0	0.0	0.0	
hsa-mir-4258	0.0	0.0	0.0	0.0	0.0	0.0	0.0	0.0	0.0	0.0	0.0	0.0	
hsa-mir-365-1	76.081484	74.844969	10.448811	20.200032	18.110857	7.1753	19.186788	20.527324	8.711571	19.890542	13.918997	10.976162	
hsa-mir-204	3.863094	0.0	14.219	0.0	163.934477	844.559356	2.034962	111.759876	2.102793	17.561893	210.050317	46.793112	
hsa-mir-572	0.0	0.0	0.215439	0.0	0.0	0.132876	0.0	0.207347	0.0	0.097027	0.0	0.0	
hsa-mir-1469	0.0	0.0	0.0	0.0	0.0	0.0	0.0	0.0	0.0	0.0	0.0	0.0	
hsa-mir-508	0.751157	1.4533	7.1095	2.071798	4.996098	1.594511	3.488507	95.794179	0.300399	7.18	41.756991	22.818863	
hsa-mir-300	0.0	0.0	0.0	0.0	0.0	0.0	0.0	0.0	0.0	0.0	0.0	0.0	
hsa-mir-92a-2	9140.401564	26076.568583	8148.348986	5226.110872	6030.602976	5526.442441	6397.92178	21896.019773	8867.778183	4867.84627	21841.64779	17889.699969	
hsa-mir-548a-1	0.0	0.0	0.0	0.0	0.0	0.0	0.0	0.0	0.0	0.0	0.0	0.0	
hsa-mir-1269	26.505115	0.0	0.969477	22.27183	340.359201	0.132876	1.162836	931.608762	6.00798	0.776216	0.0	2.599617	
hsa-mir-3609	0.0	0.0	0.0	0.0	0.312256	0.132876	0.0	0.829387	0.0	0.097027	0.210894	0.0	
hsa-mir-337	52.366381	18.892905	43.1956	5.179495	8.743172	1.727387	4.069925	22.393445	13.217556	63.940815	16.660618	19.9304	
hsa-mir-4272	0.0	0.0	0.0	0.0	0.0	0.0	0.0	0.0	0.0	0.0	0.0	0.0	
hsa-mir-1270-1	1.287698	18.166255	0.323159	0.0	36.221713	14.483475	0.290709	0.207347	0.300399	0.097027	14.340785	2.888464	
hsa-mir-3180-4	0.0	0.0	0.0	0.0	0.0	0.0	0.0	0.0	0.0	0.097027	0.0	0.0	
hsa-mir-215	2.682704	2.179951	104.595829	2.071798	30.913359	14.084848	20.931042	1.658774	0.300399	68.792167	2.530727	2.021925	
hsa-mir-548h-1	0.0	0.0	0.0	0.0	0.0	0.0	0.0	0.0	0.0	0.0	0.0	0.0	
hsa-mir-3150	0.0	0.0	0.10772	0.0	0.0	0.0	0.0	0.0	0.0	0.0	0.210894	0.0	
hsa-mir-1303	0.0	0.0	0.10772	0.0	0.0	0.132876	0.0	0.0	0.300399	0.0	0.0	0.0	
hsa-mir-122	0.0	0.0	0.0	0.0	21.85793	0.132876	0.0	0.0	0.0	0.388108	0.0	0.0	
hsa-mir-620	0.0	0.0	0.0	0.0	0.0	0.0	0.0	0.0	0.0	0.0	0.0	0.0	
hsa-mir-659	0.858465	0.72665	0.538598	0.51795	0.312256	0.398628	1.162836	2.073467	1.201596	0.388108	2.530727	2.599617	
hsa-let-7a-3	6761.057784	6709.16117	7332.587698	7550.150464	11690.557905	4344.776873	9053.257001	8602.192899	9148.050441	3313.958328	9544.846692	5540.939929	
hsa-mir-520a	6.116565	0.0	0.10772	0.0	0.0	0.0	0.0	0.0	0.0	0.291081	0.0	0.0	
hsa-mir-2054	0.0	0.0	0.0	0.0	0.0	0.0	0.0	0.0	0.0	0.0	0.0	0.0	
hsa-mir-323	2.89732	3.633251	1.831235	1.553849	0.624512	0.398628	0.0	4.768974	0.0	23.674596	0.210894	1.733078	
hsa-mir-152	488.895966	366.958344	277.270508	661.939514	324.434137	391.983968	235.183511	733.385308	246.026773	248.777314	884.278092	129.69202	
hsa-mir-1912	0.0	0.0	0.10772	0.0	0.0	0.132876	0.0	0.0	0.0	0.0	0.0	0.0	
hsa-mir-1293	1.073082	0.0	0.754038	0.0	0.936768	0.398628	0.0	1.658774	0.0	0.097027	0.0	0.0	
hsa-mir-515-1	1.395006	0.0	0.0	0.0	0.0	0.0	0.0	0.0	0.0	0.0	0.0	0.288846	
hsa-mir-23c	0.429233	0.72665	0.969477	0.51795	0.624512	0.531504	0.872127	0.207347	1.501995	0.097027	1.265363	0.0	
hsa-mir-527	1.287698	0.0	0.0	0.0	0.0	0.0	0.0	0.207347	0.0	2.328649	0.0	0.577693	
hsa-mir-16-1	139.607913	561.700594	627.574972	652.616422	483.997029	148.821032	965.735012	567.715288	222.295253	246.351638	906.211057	879.248352	
hsa-mir-330	44.318269	103.910977	25.09869	25.897477	23.731467	33.484732	61.339581	42.298729	17.122742	54.917301	40.491627	48.815037	
hsa-let-7e	705.873061	1192.432956	787.969605	1395.874014	1813.271448	1399.183451	2402.127757	1329.299749	929.734874	994.430066	2000.75036	1026.848848	
hsa-mir-579	0.0	0.72665	0.323159	0.0	1.561281	0.0	2.325671	1.658774	0.901197	0.679189	0.843576	1.444232	
hsa-mir-298	0.0	0.0	0.0	0.0	0.0	0.0	0.0	0.0	0.0	0.0	0.0	0.0	
hsa-mir-1281	0.0	0.0	0.0	0.0	0.0	0.0	0.0	0.0	0.0	0.0	0.0	0.0	
hsa-mir-548e	0.107308	0.0	0.430879	0.0	0.312256	0.0	0.581418	0.207347	0.300399	0.194054	0.210894	0.288846	
hsa-mir-105-1	1.502314	0.0	0.10772	13.466688	0.0	0.0	0.0	1.24408	22.529924	74.225681	0.0	0.288846	
hsa-mir-649	0.0	0.0	0.0	0.0	0.0	0.0	0.0	0.0	0.0	0.0	0.0	0.0	
hsa-mir-1250	0.107308	0.0	0.0	0.0	0.0	0.0	0.0	0.0	0.0	0.388108	0.632682	0.0	
hsa-mir-17	422.150292	2235.175973	470.51965	274.513257	345.043043	477.024557	752.35467	1131.076295	405.839035	322.420832	1031.482029	1439.032619	
hsa-mir-1539	0.0	0.0	0.0	0.0	0.0	0.0	0.0	0.0	0.0	0.0	0.210894	0.0	
hsa-mir-4297	0.0	0.0	0.0	0.0	0.0	0.0	0.0	0.0	0.0	0.0	0.0	0.0	
hsa-mir-568	0.0	0.0	0.0	0.0	0.0	0.0	0.0	0.0	0.0	0.0	0.0	0.0	
hsa-mir-380	0.107308	0.72665	0.323159	2.071798	0.312256	0.0	0.290709	0.207347	0.901197	3.104865	0.0	0.0	
hsa-mir-509-2	0.107308	2.179951	1.723515	0.0	0.624512	0.132876	0.581418	9.745295	0.0	0.873243	3.163408	2.310771	
hsa-mir-518e	2.468088	0.0	0.10772	0.0	0.0	0.0	0.0	0.0	0.0	3.007838	0.0	0.288846	
hsa-mir-548s	0.107308	0.0	0.215439	0.0	0.312256	0.0	0.290709	0.207347	0.0	0.388108	0.0	0.0	
hsa-mir-3127	2.575396	2.179951	3.016152	1.553849	0.936768	4.252029	2.034962	5.183668	3.304389	3.104865	5.694135	4.621542	
hsa-mir-645	0.0	0.0	0.0	0.0	0.0	0.0	0.0	0.0	0.0	0.0	0.0	0.0	
hsa-mir-562	0.0	0.0	0.0	0.0	0.0	0.0	0.0	0.0	0.0	0.0	0.0	0.0	
hsa-mir-3152	0.0	0.0	0.0	0.0	0.312256	0.0	0.0	0.0	0.0	0.194054	0.0	3.466156	
hsa-mir-296	14.808526	2.179951	4.416508	1.035899	0.936768	0.265752	2.325671	25.710992	0.300399	21.540001	23.83101	0.577693	
hsa-mir-3164	0.107308	0.0	0.0	0.0	0.0	0.0	0.0	0.0	0.0	0.0	0.0	0.0	
hsa-mir-28	4396.415221	4882.362601	4256.220786	3257.384666	3769.556212	1774.82368	3887.06889	3704.248949	3305.890884	6091.74527	2161.240613	3004.579948	
hsa-mir-183	38101.371012	33937.470298	6058.802245	7919.448487	436.84635	521.006487	15155.237107	5327.56633	3481.624293	2684.543962	3429.556484	36650.271747	
hsa-mir-196a-1	51.507916	91.557923	61.400229	31.076972	314.129684	125.169118	1062.541081	10.367335	2.703591	207.055689	0.210894	44.482341	
hsa-mir-3650	0.0	0.0	0.0	0.0	0.0	0.0	0.290709	0.0	0.0	0.0	0.0	0.0	
hsa-mir-466	0.751157	0.0	0.0	0.0	0.0	0.0	0.581418	0.414693	0.0	0.0	0.0	0.0	
hsa-mir-3156-1	0.0	0.0	0.0	0.0	0.0	0.0	0.0	0.0	0.0	0.0	0.0	0.0	
hsa-mir-107	1086.173172	2324.553946	1244.054815	1653.294936	1190.320434	1712.371997	2711.442041	3016.479916	1795.785162	1080.396018	3447.693359	3893.649077	
hsa-mir-933	0.0	0.0	0.0	0.0	0.0	0.0	0.0	0.0	0.0	0.0	0.0	0.0	
hsa-mir-548f-1	0.107308	0.72665	0.0	0.0	0.0	0.0	0.0	0.0	0.901197	0.0	0.0	0.0	
hsa-mir-551a	0.0	0.72665	0.646318	0.0	0.0	0.0	0.0	2.695507	0.300399	1.067297	0.0	1.155385	
hsa-mir-519d	1.395006	0.0	0.10772	0.0	0.0	0.132876	0.0	0.0	0.300399	0.0	0.0	0.0	
hsa-mir-1295	0.214616	0.0	1.508076	2.071798	1.561281	1.461635	0.581418	2.488161	0.0	0.97027	0.0	0.0	
hsa-mir-378	99.260046	281.940272	167.611853	1296.427702	160.49966	217.783635	43.315628	341.292682	114.452015	59.477572	126.325442	411.894925	
hsa-mir-548l	0.0	0.0	0.10772	0.0	0.0	0.132876	0.0	0.0	0.0	0.0	0.0	0.0	
hsa-mir-1285-1	0.0	0.0	0.0	0.0	0.0	0.0	0.0	0.0	0.0	0.0	0.0	0.0	
hsa-mir-544b	0.0	0.0	0.0	0.0	0.0	0.132876	0.0	0.0	0.0	0.0	0.0	0.288846	
hsa-mir-4267	0.0	0.0	0.0	0.0	0.0	0.0	0.0	0.0	0.0	0.0	0.0	0.0	
hsa-mir-3914-2	0.0	0.0	0.0	0.0	0.0	0.0	0.0	0.0	0.0	0.0	0.0	0.0	
hsa-mir-3922	0.214616	0.0	0.646318	1.035899	0.0	0.398628	0.872127	2.695507	0.0	0.873243	0.210894	0.577693	
hsa-mir-543	1.395006	0.0	0.646318	2.589748	0.0	0.132876	0.290709	2.902854	0.0	3.881081	0.210894	0.288846	
hsa-mir-3909	0.321924	0.0	0.215439	0.0	0.0	0.132876	1.162836	0.62204	0.0	0.194054	0.421788	0.288846	
hsa-mir-135b	0.214616	241.247862	360.214677	32.630821	4.371586	16.210862	10.75623	44.164849	0.300399	17.464866	216.377134	26.573866	
hsa-mir-1908	0.0	0.0	0.10772	0.0	0.0	0.0	0.581418	0.207347	0.0	0.097027	0.0	0.0	
hsa-mir-1260	0.0	0.0	0.0	0.0	0.0	0.0	0.0	0.0	0.0	0.0	0.0	0.0	
hsa-mir-708	93.036173	170.762794	150.376701	124.825839	78.688549	6.643796	122.097744	376.126929	27.035909	104.789196	138.1355	154.821655	
hsa-mir-3691	0.643849	0.0	0.215439	0.0	0.312256	0.132876	0.581418	0.0	1.201596	0.485135	0.210894	0.577693	
hsa-mir-3692	0.0	0.72665	0.0	0.0	0.0	0.0	0.0	0.0	0.0	0.0	0.0	0.0	
hsa-mir-4288	0.0	0.0	0.0	0.0	0.0	0.0	0.0	0.0	0.0	0.0	0.0	0.0	
hsa-mir-615	4.185018	12.353053	3.877909	0.0	6.557379	11.028701	8.721267	2.695507	3.905187	3.395946	0.210894	2.310771	
hsa-mir-1972-2	0.0	0.0	0.0	0.0	0.0	0.0	0.0	0.0	0.0	0.0	0.0	0.0	
hsa-mir-1256	0.0	0.72665	0.0	0.51795	0.0	0.132876	0.0	0.0	0.0	0.097027	0.210894	0.0	
hsa-mir-1283-1	0.0	1.4533	0.0	0.0	0.0	0.0	0.0	0.207347	0.0	0.291081	0.0	0.0	
hsa-mir-3184	0.0	0.0	0.0	0.0	0.0	0.0	0.0	0.0	0.0	0.0	0.0	0.0	
hsa-mir-4322	0.0	0.0	0.0	0.0	0.0	0.0	0.0	0.207347	0.0	0.0	0.0	0.0	
hsa-mir-632	0.107308	0.72665	0.969477	0.0	0.312256	0.398628	0.0	0.414693	0.300399	0.097027	0.210894	0.288846	
hsa-mir-1-2	107.73739	2.906601	10.987409	42.471862	9.055428	1.063007	1.162836	4.768974	71.795359	155.146227	24.463692	23.10771	
hsa-mir-4261	0.0	0.0	0.0	0.0	0.0	0.0	0.0	0.0	0.0	0.0	0.0	0.0	
hsa-mir-1245	4.185018	2.179951	1.077197	1.035899	0.0	0.0	0.0	2.073467	0.300399	1.261351	0.421788	0.288846	
hsa-mir-3943	0.107308	0.72665	0.215439	0.0	0.0	0.0	0.0	0.207347	0.300399	0.0	0.0	0.0	
hsa-mir-375	193.261992	2590.507914	19073.065518	18.128234	48.399703	316.111817	67126.432505	5180.350167	79138.912303	4516.2203	6998.302937	20312.832173	
hsa-mir-582	121.794759	45.052312	297.521811	40.918014	784.699699	12.357461	1544.245751	201.541001	96.728475	241.209205	35.21928	89.253529	
hsa-mir-3160-2	0.0	0.0	0.0	0.0	0.0	0.0	0.0	0.0	0.0	0.0	0.0	0.0	
hsa-mir-2116	0.643849	0.72665	0.430879	0.51795	0.936768	1.195883	0.0	0.829387	0.600798	0.388108	0.421788	2.021925	
hsa-mir-4270	0.0	0.0	0.0	0.0	0.0	0.0	0.0	0.0	0.0	0.0	0.0	0.0	
hsa-mir-339	16.31084	38.51246	33.069948	12.430789	15.925064	17.539622	38.373577	41.884035	3.905187	24.741894	49.560065	51.125808	
hsa-mir-376a-2	1.395006	0.0	0.538598	0.0	0.0	0.132876	0.0	0.207347	0.600798	2.231622	0.0	0.288846	
hsa-mir-1244-2	0.0	0.0	0.0	0.0	0.0	0.0	0.0	0.0	0.0	0.0	0.0	0.0	
hsa-mir-3074	2.038855	26.159407	5.924583	3.625647	10.304453	19.001257	0.581418	5.805708	12.01596	8.441352	12.864527	21.663478	
hsa-mir-1277	2.575396	0.72665	1.292636	0.0	1.249025	0.66438	0.0	1.036734	0.0	0.97027	1.054469	4.621542	
hsa-mir-3160-1	0.0	0.0	0.0	0.0	0.312256	0.0	0.290709	0.0	0.0	0.097027	0.0	0.0	
hsa-mir-4283-1	0.0	0.0	0.0	0.0	0.0	0.0	0.0	0.0	0.0	0.0	0.0	0.0	
hsa-mir-424	159.137998	109.724178	79.928017	89.087321	740.047069	7.308176	40.408539	55.154224	40.253465	126.426225	537.568533	281.336365	
hsa-mir-1231	0.107308	0.0	0.0	0.0	0.0	0.0	0.581418	0.207347	0.0	0.0	0.0	0.0	
hsa-mir-18b	0.536541	1.4533	2.046674	1.035899	0.936768	0.398628	5.814178	2.073467	1.501995	2.716757	0.632682	4.621542	
hsa-mir-1181	0.0	1.4533	0.861758	0.0	0.0	0.132876	0.290709	0.414693	0.0	0.0	0.210894	0.577693	
hsa-mir-519b	1.395006	0.0	0.0	0.0	0.0	0.0	0.0	0.0	0.0	0.097027	0.0	0.0	
hsa-mir-329-1	0.536541	0.0	0.323159	0.0	0.0	0.0	0.0	0.62204	0.0	0.873243	0.421788	0.288846	
hsa-mir-3667	0.107308	0.0	0.0	0.0	0.0	0.0	0.0	1.036734	0.0	0.194054	0.0	0.0	
hsa-mir-4251	0.0	0.0	0.0	0.0	0.0	0.0	0.0	0.0	0.0	0.0	0.0	0.0	
hsa-mir-626	0.0	0.0	0.0	0.0	0.0	0.0	0.0	0.0	0.0	0.0	0.0	0.0	
hsa-mir-1229	1.824239	8.719802	0.10772	0.0	2.498049	4.384905	0.290709	1.24408	0.0	0.485135	2.741621	0.288846	
hsa-mir-3655	0.0	2.906601	0.538598	0.0	0.312256	0.0	0.0	0.0	0.0	0.388108	0.210894	0.0	
hsa-mir-3199-2	0.321924	0.0	0.754038	1.035899	0.0	0.0	0.581418	0.829387	0.600798	0.485135	0.843576	0.288846	
hsa-mir-3179-1	0.0	0.0	0.0	0.0	0.0	0.0	0.0	0.0	0.0	0.097027	0.0	0.0	
hsa-mir-199a-2	1960.734657	4594.609128	3490.549158	725.129358	368.77451	214.063109	568.626636	2849.980509	700.530445	1276.487652	1209.265581	1718.347059	
hsa-mir-2115	0.0	0.0	0.215439	0.0	0.0	0.0	0.581418	0.62204	0.0	0.0	0.0	0.0	
hsa-mir-205	7026.645474	160.589691	52.459494	3147.061413	1.873537	0.265752	83.433458	14470.104752	174.832212	4.948379	46.818444	1513.554982	
hsa-mir-4305	0.0	0.0	0.0	0.0	0.0	0.0	0.0	0.0	0.0	0.0	0.0	0.0	
hsa-mir-4299	0.0	0.0	0.0	0.0	0.0	0.0	0.0	0.0	0.0	0.0	0.0	0.0	
hsa-mir-604	0.0	0.0	0.0	0.0	0.0	0.0	0.0	0.0	0.0	0.0	0.0	0.0	
hsa-mir-194-2	129.520946	95.917825	1655.005471	12.430789	905.542828	1637.69573	98.550322	58.264425	33.344288	2065.608516	146.993043	192.949376	
hsa-mir-484	53.761387	290.660074	35.116622	21.753881	79.313061	64.046194	71.805102	128.140266	13.517955	50.648111	57.363139	194.393607	
hsa-mir-450a-1	6.438489	2.179951	10.556531	1.035899	12.490246	0.0	2.325671	1.86612	1.802394	4.657298	29.736039	5.776927	
hsa-mir-555	0.0	0.0	0.0	0.0	0.0	0.0	0.0	0.0	0.0	0.0	0.0	0.0	
hsa-mir-3613	8.262728	10.899753	12.064606	19.164133	11.553477	2.92327	4.360634	4.354281	5.407182	8.441352	8.857543	18.486168	
hsa-mir-675	24.358952	20.346205	160.610073	1.035899	49.960984	4.252029	74.712191	39.810568	2.403192	9.896757	13.918997	39.860799	
hsa-mir-548x	0.0	0.0	0.0	0.0	0.0	0.0	0.0	0.0	0.0	0.0	0.0	0.0	
hsa-mir-130a	42.172106	82.838121	116.768155	13.984638	82.123367	23.651914	24.710258	87.707658	16.521944	84.025411	219.96233	181.395521	
hsa-mir-103-2	3.004628	5.086551	6.678621	3.107697	0.624512	1.195883	5.23276	16.795083	1.201596	4.851352	8.224862	8.665391	
hsa-mir-493	22.856638	7.993152	9.048455	9.323092	3.747074	0.398628	5.23276	12.440803	7.209576	34.832705	4.006984	2.599617	
hsa-mir-3180-2	0.0	0.0	0.0	0.0	0.0	0.0	0.0	0.0	0.0	0.0	0.0	0.0	
hsa-mir-1208	0.0	0.0	0.0	0.0	0.0	0.0	0.0	0.0	0.0	0.0	0.0	0.0	
hsa-mir-4290	0.0	0.0	0.0	0.0	0.0	0.0	0.0	0.0	0.0	0.0	0.0	0.0	
hsa-mir-3138	0.214616	0.0	0.0	0.0	0.0	0.0	0.581418	0.0	0.300399	0.0	0.421788	0.288846	
hsa-mir-3688	0.0	0.0	0.10772	0.0	0.0	0.0	0.290709	0.0	0.0	0.097027	0.210894	0.288846	
hsa-mir-3913-1	2.89732	5.813201	4.308788	1.553849	2.498049	1.328759	4.069925	3.732241	1.501995	1.358378	7.59218	4.910388	
hsa-mir-202	0.429233	0.0	0.0	0.0	0.312256	0.0	0.0	0.0	0.300399	38.519732	0.0	0.288846	
hsa-mir-4252	0.0	0.0	0.0	0.0	0.0	0.0	0.0	0.0	0.0	0.0	0.0	0.0	
hsa-mir-541	0.429233	0.72665	0.215439	0.0	0.624512	0.0	0.290709	0.0	0.0	3.784054	0.421788	0.0	
hsa-mir-320e	0.214616	0.0	1.184917	1.035899	0.312256	0.398628	0.290709	0.829387	0.0	0.582162	0.0	0.288846	
hsa-mir-1266	3.433861	5.086551	18.958667	3.107697	1.249025	2.92327	33.140816	5.391014	13.517955	11.740271	41.756991	19.06386	
hsa-mir-4318	0.0	0.0	0.0	0.0	0.0	0.0	0.0	0.0	0.0	0.0	0.0	0.0	
hsa-mir-483	172.336901	5.086551	7.971258	2.589748	0.936768	1.860263	4.942052	0.62204	0.300399	244.799205	1.265363	3.755003	
hsa-mir-577	0.214616	55.225414	6.678621	1.553849	16.861832	18.602629	0.0	35.870981	0.0	42.20676	32.899447	6.932313	
hsa-mir-432	8.15542	7.266502	4.308788	2.071798	1.561281	0.930131	3.197798	8.915908	4.505985	17.076758	3.374302	4.332696	
hsa-mir-514-3	0.0	0.0	0.538598	0.51795	3.122561	0.66438	0.0	10.989376	0.300399	1.746487	4.006984	2.310771	
hsa-mir-335	1371.934796	58.132015	143.913519	44.025711	19.359881	27.638192	212.217507	118.809664	8.711571	60.059734	117.257004	97.052381	
hsa-mir-4311	0.0	0.0	0.0	0.0	0.0	0.0	0.0	0.0	0.0	0.0	0.0	0.0	
hsa-mir-548h-3	0.0	0.0	0.0	0.0	0.0	0.0	0.0	0.0	0.0	0.0	0.0	0.0	
hsa-mir-29c	783.671476	598.033103	1908.146766	540.221372	1022.638883	829.677252	5733.94262	3293.909812	651.865808	1433.865501	4006.35128	1623.60545	
hsa-mir-3174	0.107308	0.0	0.10772	1.035899	0.312256	0.0	1.453545	0.0	0.300399	0.582162	0.0	0.288846	
hsa-mir-3118-2	0.0	0.0	0.0	0.0	0.0	0.0	0.0	0.0	0.0	0.0	0.0	0.0	
hsa-mir-30d	4220.859075	11920.696305	2761.933108	1150.883881	4440.906929	20080.474973	5673.475166	11304.127858	3963.464273	2908.579383	19875.905816	8283.247373	
hsa-mir-890	0.0	0.0	0.0	0.0	0.0	0.0	0.0	0.0	0.0	0.0	0.0	0.0	
hsa-mir-3690	1.073082	0.0	0.538598	2.589748	0.936768	0.0	0.581418	0.62204	0.300399	0.097027	0.0	1.444232	
hsa-mir-3159	0.0	0.0	0.0	0.0	0.312256	0.0	0.0	0.207347	0.0	0.0	0.0	0.0	
hsa-mir-520h	1.716931	0.0	0.0	0.0	0.0	0.0	0.0	0.0	0.0	0.0	0.0	0.0	
hsa-mir-149	67.818756	87.924673	36.409259	40.400064	2.185793	5.447913	7.849141	577.460583	10.513965	26.100272	26.57263	45.637727	
hsa-mir-1234	0.107308	0.0	0.0	0.0	0.0	0.0	0.0	0.0	0.0	0.0	0.0	0.0	
hsa-mir-34c	10.623508	3.633251	17.88147	11.39489	8.743172	0.930131	2.907089	83.975417	4.806384	14.262974	3.79609	607.732764	
hsa-mir-941-4	0.0	0.0	0.0	0.0	0.0	0.0	0.0	0.0	0.0	0.0	0.0	0.0	
hsa-mir-764	0.0	0.0	0.0	0.0	0.0	0.0	0.0	0.0	0.0	0.0	0.0	0.0	
hsa-mir-581	0.0	0.0	0.646318	0.0	0.936768	0.265752	1.162836	0.0	0.300399	0.291081	1.476257	0.866539	
hsa-mir-382	18.778928	24.706106	13.464962	11.39489	1.873537	2.258891	6.977014	18.661204	5.407182	31.824867	8.224862	4.043849	
hsa-mir-1207	0.0	0.0	0.0	0.0	0.0	0.0	0.0	0.0	0.0	0.0	0.0	0.0	
hsa-mir-1298	0.214616	0.0	0.430879	0.0	0.0	0.265752	0.0	0.0	0.600798	0.0	0.210894	0.0	
hsa-mir-3119-2	0.0	0.0	0.0	0.0	0.0	0.0	0.0	0.0	0.0	0.0	0.0	0.0	
hsa-mir-31	179.95578	0.72665	161.57955	42.471862	24.980492	21.658775	0.290709	27.369766	1.802394	5.530541	2.741621	3.17731	
hsa-mir-1291	0.107308	0.72665	0.323159	0.0	0.312256	0.930131	0.0	1.24408	0.300399	0.291081	0.421788	0.866539	
hsa-mir-33a	13.950061	42.872361	62.261987	25.379528	4.371586	1.195883	11.919065	59.093812	5.707581	14.942163	11.599164	38.127721	
hsa-mir-30b	304.004011	823.294661	280.286659	138.810477	192.349787	295.117421	127.621213	365.552247	125.867177	479.701654	1013.345155	432.691863	
hsa-mir-3654	0.321924	0.72665	0.0	0.0	0.624512	0.0	0.0	0.0	0.300399	0.0	0.0	0.288846	
hsa-mir-181b-1	190.47198	280.486972	395.00814	181.800289	551.1321	430.252233	1046.552091	801.395029	136.381141	76.554329	3207.485215	393.408757	
hsa-mir-651	1.824239	0.0	2.369833	0.51795	2.498049	3.189022	2.325671	4.146934	1.201596	1.164324	8.857543	12.70924	
hsa-mir-3660	0.0	0.0	0.0	0.0	0.0	0.0	0.290709	0.0	0.0	0.0	0.0	0.0	
hsa-mir-325	0.0	0.0	0.0	0.0	0.0	0.0	0.0	0.0	0.0	0.0	0.0	0.0	
hsa-mir-935	0.321924	0.72665	0.430879	0.51795	0.936768	7.839679	0.290709	1.451427	3.00399	24.838921	1.265363	11.553855	
hsa-mir-3192	0.0	0.0	0.0	0.0	0.0	0.0	0.0	0.0	0.0	0.194054	0.0	0.0	
hsa-mir-3920	0.0	0.0	0.10772	0.51795	0.0	0.0	0.0	0.207347	0.0	0.097027	0.632682	0.866539	
hsa-mir-376b	2.253471	0.72665	2.692992	0.51795	0.0	0.0	0.0	1.24408	1.201596	3.881081	0.421788	1.733078	
hsa-mir-1184-2	0.0	0.0	0.0	0.0	0.0	0.0	0.0	0.0	0.0	0.0	0.0	0.0	
hsa-mir-548f-3	0.0	0.0	0.0	0.0	0.0	0.0	0.0	0.0	0.0	0.0	0.0	0.0	
hsa-mir-1271	2.682704	7.266502	3.123871	0.51795	6.557379	0.531504	0.872127	5.598361	0.600798	2.522703	2.530727	1.733078	
hsa-mir-3910-2	0.107308	0.0	0.0	0.51795	0.0	0.132876	0.0	0.0	0.0	0.485135	0.0	0.0	
hsa-mir-3651	0.214616	0.72665	0.754038	0.0	0.0	0.0	0.290709	1.451427	0.0	0.194054	0.843576	0.288846	
hsa-mir-323b	1.287698	12.353053	4.631947	0.0	0.624512	0.132876	1.744253	8.501215	0.300399	19.017299	1.476257	1.444232	
hsa-mir-4279	0.0	0.72665	0.0	0.0	0.0	0.0	0.0	0.0	0.0	0.0	0.0	0.0	
hsa-mir-518b	5.580024	0.0	0.215439	0.0	0.0	0.0	0.0	0.207347	0.0	0.485135	0.0	0.0	
hsa-mir-1251	2.360779	0.0	6.786341	0.0	18.110857	35.876499	0.0	1.036734	0.901197	0.388108	511.839478	0.0	
hsa-mir-523	1.073082	0.0	0.0	0.0	0.0	0.0	0.0	0.0	0.0	0.0	0.0	0.0	
hsa-mir-3126	0.0	0.0	0.10772	0.0	0.0	0.0	0.0	0.414693	0.0	0.0	0.0	0.0	
hsa-mir-200b	721.540052	1173.540051	861.003562	364.636477	103.981297	389.326449	1271.851499	528.941454	631.438677	264.980828	2405.033953	3415.89718	
hsa-mir-181a-2	483.959791	552.254142	1034.539999	373.441619	621.077477	930.662953	1208.476956	1533.743603	206.974904	305.247047	8931.778146	1439.321465	
hsa-mir-29a	5382.362574	5492.022108	9569.710427	3254.276968	3090.711348	3015.220405	17714.638386	7776.123612	1792.180374	2866.46965	14616.844812	6441.851759	
hsa-mir-576	3.970402	12.353053	4.524227	1.035899	13.73927	1.993139	3.488507	7.671828	5.106783	6.306757	13.075421	13.864626	
hsa-mir-652	19.422777	31.245958	106.534783	22.27183	24.980492	43.98193	48.548389	150.741057	13.818354	23.286488	124.216503	41.882724	
hsa-mir-2278	0.0	0.0	0.10772	0.0	0.0	0.0	0.0	0.0	0.0	0.0	0.210894	0.0	
hsa-mir-548q	0.429233	0.0	0.10772	0.0	0.312256	0.0	0.0	0.0	0.300399	0.194054	0.843576	0.0	
hsa-mir-638	0.0	0.0	0.0	0.0	0.0	0.0	0.0	0.0	0.0	0.0	0.0	0.0	
hsa-mir-132	77.905722	103.184326	185.493323	110.323252	50.897752	161.57712	119.481364	247.364623	92.823288	120.216494	77.187165	180.817828	
hsa-mir-124-2	0.107308	0.0	0.10772	0.0	0.0	0.398628	0.0	0.207347	0.0	0.388108	0.0	0.0	
hsa-mir-548c	0.0	0.0	0.0	0.0	0.0	0.0	0.0	0.0	0.0	0.0	0.0	0.0	
hsa-mir-1185-2	0.107308	0.0	0.0	0.0	0.0	0.0	0.0	0.414693	0.0	0.388108	0.0	0.0	
hsa-mir-2114	0.107308	0.0	0.754038	0.0	2.810305	1.195883	0.0	0.414693	0.0	0.194054	1.476257	2.310771	
hsa-mir-3606	0.0	0.0	0.0	0.0	0.0	0.0	0.0	0.0	0.0	0.0	0.0	0.0	
hsa-mir-302d	0.0	0.0	0.0	0.0	0.0	0.0	0.0	0.0	0.0	0.0	0.0	0.0	
hsa-mir-449a	1.073082	0.0	0.538598	0.0	0.0	0.0	1.162836	0.829387	0.901197	0.873243	0.210894	975.434194	
hsa-mir-3681	0.0	0.0	0.0	0.0	0.312256	0.0	0.290709	0.207347	0.0	0.097027	0.0	0.0	
hsa-mir-548j	0.536541	0.0	0.10772	0.0	0.312256	0.132876	0.872127	0.62204	0.300399	0.291081	1.054469	0.288846	
hsa-mir-1203	0.0	0.0	0.0	0.0	0.0	0.0	0.0	0.0	0.0	0.0	0.0	0.0	
hsa-mir-1302-4	0.0	0.0	0.0	0.0	0.0	0.0	0.0	0.0	0.0	0.0	0.0	0.0	
hsa-mir-552	0.0	0.0	0.0	0.0	0.0	0.0	3.779216	2.695507	0.0	45.020544	0.421788	0.0	
hsa-mir-1264	0.0	0.0	0.0	0.0	0.0	0.132876	0.0	0.0	0.0	0.0	0.0	0.0	
hsa-mir-3121	0.0	0.0	0.0	0.0	0.0	0.0	0.0	0.0	0.0	0.0	0.0	0.0	
hsa-mir-3713	0.0	0.0	0.0	0.0	0.0	0.0	0.0	0.0	0.0	0.0	0.0	0.0	
hsa-mir-25	6467.891897	12664.059446	9969.350514	9390.425185	4577.362866	3810.881422	5649.346326	6991.731013	8145.619011	12004.766744	7189.372804	12034.495189	
hsa-mir-4293	0.0	0.0	0.0	0.0	0.0	0.0	0.0	0.0	0.0	0.0	0.0	0.0	
hsa-mir-3168	0.0	0.72665	0.0	0.0	0.312256	0.132876	2.034962	0.207347	0.300399	0.097027	0.0	0.0	
hsa-mir-124-1	0.0	0.0	0.0	0.0	0.0	0.132876	0.0	0.0	0.0	0.97027	0.0	0.288846	
hsa-mir-1914	0.107308	0.0	0.0	0.0	0.0	0.132876	0.0	0.0	0.0	0.097027	0.0	0.0	
hsa-mir-3670	0.0	0.0	0.0	0.0	0.0	0.0	0.0	0.0	0.0	0.0	0.0	0.0	
hsa-mir-516a-2	3.111937	15.259654	0.0	0.0	0.0	0.132876	0.0	1.24408	0.0	10.770001	0.0	2.310771	
hsa-mir-19b-2	55.156393	233.25471	78.743101	52.830853	44.028117	31.358717	45.059882	108.442329	46.261444	55.790544	261.297533	170.419359	
hsa-mir-3171	0.0	0.0	0.0	0.0	0.0	0.0	0.0	0.0	0.0	0.0	0.0	0.0	
hsa-mir-3158-1	0.0	0.0	0.0	0.0	0.0	0.0	0.0	0.0	0.0	0.0	0.0	0.0	
hsa-mir-4310	0.0	0.0	0.0	0.0	0.0	0.0	0.0	0.0	0.0	0.0	0.0	0.0	
hsa-mir-142	509.821057	2112.372091	1528.757982	702.857528	4359.095819	229.210964	685.491619	4233.812442	265.252308	1216.233865	363.370177	1914.473745	
hsa-mir-369	17.598538	7.266502	7.540379	13.466688	1.249025	0.930131	3.779216	5.598361	5.707581	17.367839	3.79609	4.332696	
hsa-mir-513a-2	0.0	0.0	0.0	0.0	0.0	0.0	0.0	0.207347	0.0	0.0	0.0	0.0	
hsa-mir-595	0.0	0.0	0.0	0.0	0.0	0.0	0.0	0.0	0.0	0.0	0.0	0.0	
hsa-mir-3669	0.0	0.0	0.0	0.0	0.0	0.0	0.0	0.0	0.0	0.0	0.0	0.0	
hsa-mir-4307	0.0	0.0	0.0	0.0	0.0	0.0	0.0	0.0	0.0	0.0	0.0	0.0	
hsa-mir-3156-2	0.0	0.0	0.0	0.0	0.0	0.0	0.0	0.0	0.0	0.0	0.0	0.0	
hsa-mir-539	5.472716	17.439604	1.938955	0.51795	2.185793	0.66438	1.162836	3.939587	3.604788	26.003245	4.006984	0.866539	
hsa-mir-3924	0.0	0.0	0.0	0.0	0.0	0.0	0.0	0.0	0.0	0.0	0.421788	0.0	
hsa-mir-3679	0.321924	0.0	0.0	0.51795	0.0	0.0	0.290709	0.0	0.0	0.0	0.421788	0.0	
hsa-mir-216b	0.0	0.0	0.0	0.0	0.0	0.0	0.0	0.0	0.0	0.291081	0.632682	0.0	
hsa-let-7i	774.872207	1517.245589	695.546103	547.472665	1032.63108	661.722088	971.549191	1028.854368	373.395944	505.31679	3834.894546	573.071199	
hsa-mir-557	0.0	0.0	0.0	0.0	0.0	0.0	0.0	0.0	0.0	0.0	0.0	0.0	
hsa-mir-494	2.146163	1.4533	0.754038	3.625647	0.624512	0.0	0.0	0.414693	1.201596	3.59	0.632682	0.288846	
hsa-mir-873	0.0	0.0	0.10772	0.0	0.0	0.0	0.0	0.0	0.0	0.0	2.952514	0.577693	
hsa-mir-3197	0.0	0.0	0.0	0.0	0.0	0.0	0.0	0.0	0.0	0.0	0.0	0.0	
hsa-mir-297	0.0	0.0	0.0	0.0	0.0	0.0	0.0	0.0	0.0	0.0	0.0	0.0	
hsa-mir-3619	0.107308	0.72665	0.538598	0.0	0.0	0.0	0.290709	0.207347	0.0	0.0	0.0	0.0	
hsa-mir-511-1	4.07771	3.633251	5.385985	6.733344	6.869635	0.797256	5.23276	34.00486	0.300399	2.813784	1.898045	1.733078	
hsa-mir-664	19.100852	39.96576	16.481114	9.841041	33.411408	26.176556	9.884103	27.577112	13.517955	8.441352	129.067062	27.440405	
hsa-mir-345	11.05274	38.51246	56.768282	11.912839	9.367684	9.832818	5.23276	24.466912	5.707581	9.411622	385.72493	27.729252	
hsa-mir-3926-1	0.858465	0.72665	2.477553	0.0	0.312256	0.0	0.290709	1.86612	0.0	0.582162	1.898045	0.288846	
hsa-mir-24-1	25.217417	13.806354	19.066387	15.538486	14.676039	7.972555	15.698281	25.296298	4.205586	22.219191	33.953917	26.862712	
hsa-mir-136	19.637393	47.232262	40.502607	6.215394	9.367684	4.119154	4.360634	29.443233	7.810374	40.169192	16.449724	33.795025	
hsa-mir-4281	0.0	0.0	0.0	0.0	0.0	0.0	0.0	0.0	0.0	0.0	0.0	0.0	
hsa-let-7a-1	6673.92356	6758.573382	7266.555521	7557.401758	11873.227751	4286.57722	9022.151147	8577.51864	9101.188198	3269.42292	9689.098114	5352.034403	
hsa-let-7b	8716.212417	27540.042059	35977.087158	7075.708684	12366.90472	3195.001527	25720.761878	23203.96281	10371.875926	6121.726623	8753.151018	9348.801634	
hsa-mir-3116-1	0.0	0.0	0.0	0.0	0.0	0.0	0.0	0.0	0.0	0.0	0.0	0.0	
hsa-mir-617	0.0	0.0	0.0	0.0	0.0	0.0	0.0	0.0	0.0	0.0	0.0	0.0	
hsa-mir-668	0.0	0.0	0.0	0.0	0.0	0.0	0.0	0.0	0.0	0.291081	0.0	0.0	
hsa-mir-628	6.116565	14.533004	6.247743	3.107697	51.210008	11.825957	14.244737	5.183668	2.403192	13.195677	27.205312	18.486168	
hsa-mir-3610	0.643849	0.0	1.508076	0.0	0.0	0.265752	0.0	0.0	1.201596	0.194054	1.476257	1.444232	
hsa-mir-1276	0.0	0.72665	0.0	0.0	0.312256	0.0	1.744253	0.207347	0.0	0.194054	0.0	0.0	
hsa-mir-184	0.965773	0.72665	0.323159	8.287193	0.0	1.063007	2.034962	23.430178	0.0	3.784054	0.843576	6.35462	
hsa-mir-514-1	0.107308	0.0	0.538598	1.035899	0.0	1.195883	0.290709	14.306923	0.300399	1.164324	5.483241	2.021925	
hsa-mir-1193	0.0	0.0	0.0	0.0	0.0	0.0	0.0	0.0	0.0	0.0	0.0	0.0	
hsa-mir-3131	0.0	0.0	0.0	0.0	0.624512	2.126015	0.0	0.207347	0.0	0.291081	0.0	21.374631	
hsa-mir-588	0.107308	0.0	0.0	0.0	0.0	0.0	0.290709	0.207347	0.0	0.0	0.0	0.0	
hsa-mir-153-2	5.150792	12.353053	8.509856	3.625647	6.869635	0.66438	172.971804	3.939587	13.818354	9.120541	3.163408	30.328869	
hsa-mir-605	0.751157	0.0	0.323159	0.0	0.0	0.0	0.0	0.207347	0.0	0.194054	1.054469	0.0	
hsa-mir-154	4.721559	5.813201	5.601424	3.107697	1.873537	0.66438	1.162836	7.464482	1.201596	12.225406	2.741621	3.17731	
hsa-mir-3938	0.0	0.0	0.0	0.0	0.0	0.0	0.0	0.0	0.0	0.0	0.0	0.0	
hsa-mir-3118-1	0.0	0.0	0.0	0.0	0.0	0.0	0.0	0.0	0.0	0.0	0.0	0.0	
hsa-mir-548z	0.0	0.0	0.0	0.0	0.0	0.0	0.0	0.0	0.0	0.0	0.0	0.0	
hsa-let-7f-1	9.765042	18.166255	16.588834	13.984638	21.85793	6.776672	6.977014	24.674258	8.711571	9.120541	30.790508	8.665391	
hsa-mir-4321	0.0	0.0	0.0	0.0	0.0	0.0	0.0	0.0	0.0	0.0	0.0	0.0	
hsa-mir-891b	0.0	0.0	0.0	0.0	0.0	0.0	0.0	0.207347	0.0	0.0	1.054469	2.021925	
hsa-mir-3181	0.0	0.0	0.0	0.0	0.0	0.0	0.0	0.207347	0.0	0.0	0.0	0.0	
hsa-mir-3925	0.0	0.0	0.0	0.0	0.312256	0.0	0.0	0.0	0.0	0.0	0.0	0.288846	
hsa-mir-874	15.559683	55.952064	19.497266	6.733344	16.23732	10.497198	18.314662	59.923199	5.407182	14.262974	264.039154	33.795025	
hsa-mir-1261	0.0	0.0	0.0	0.0	0.0	0.0	0.0	0.0	0.0	0.0	0.0	0.0	
hsa-mir-889	14.486601	2.906601	9.587053	6.215394	2.498049	2.391767	5.814178	10.159989	6.308379	57.148923	4.217878	6.932313	
hsa-mir-3179-3	0.0	0.0	0.0	0.0	0.0	0.0	0.0	0.0	0.0	0.0	0.0	0.0	
hsa-mir-487b	6.331181	4.359901	4.201068	3.107697	0.936768	0.265752	2.034962	3.317547	1.802394	12.128379	1.476257	1.155385	
hsa-mir-3646	0.0	0.0	0.10772	0.0	0.0	0.0	0.0	0.207347	0.0	0.0	0.0	0.0	
hsa-mir-4254	0.0	0.0	0.0	0.0	0.0	0.0	0.0	0.0	0.0	0.0	0.0	0.0	
hsa-mir-548d-2	0.0	0.0	0.10772	0.0	0.0	0.0	0.0	0.0	0.0	0.0	0.0	0.0	
hsa-mir-1909	0.0	0.0	0.0	0.0	0.0	0.132876	0.0	0.207347	0.0	0.097027	0.210894	0.0	
hsa-mir-452	150.767962	16.712954	95.978253	528.308532	77.751781	5.979416	11.919065	66.558293	19.225535	32.989191	56.941351	16.464243	
hsa-mir-2052	0.0	0.0	0.0	0.0	0.0	0.0	0.0	0.0	0.0	0.0	0.0	0.0	
hsa-mir-3190	0.107308	0.0	0.0	0.0	0.936768	0.265752	2.034962	0.207347	0.0	0.0	0.0	0.866539	
hsa-mir-26a-1	0.214616	2.906601	0.861758	0.0	3.747074	0.66438	0.0	0.62204	0.0	1.64946	3.585196	0.577693	
hsa-mir-376a-1	1.18039	2.906601	2.046674	0.51795	0.624512	0.132876	0.0	1.24408	0.300399	3.784054	0.210894	0.577693	
hsa-mir-3123	0.0	0.0	0.0	0.0	0.0	0.0	0.0	0.0	0.0	0.0	0.0	0.0	
hsa-mir-423	119.219363	247.061063	97.917207	99.964261	120.530873	243.827316	222.392319	255.451145	72.396157	62.582437	330.259836	270.649049	
hsa-mir-506	0.0	0.0	0.215439	0.0	0.0	0.0	0.0	0.829387	0.0	0.0	0.210894	0.288846	
hsa-mir-609	0.0	0.0	0.0	0.0	0.0	0.0	0.0	0.0	0.0	0.0	0.0	0.0	
hsa-mir-450a-2	4.614251	2.906601	10.987409	1.035899	8.11866	0.132876	1.744253	1.24408	2.403192	8.053244	28.048888	6.065774	
hsa-mir-1197	0.107308	0.72665	0.0	0.0	0.0	0.0	0.0	0.414693	0.0	0.485135	0.0	0.0	
hsa-mir-3653	1.716931	11.626403	3.016152	1.553849	9.055428	1.860263	1.453545	11.818762	4.205586	1.552433	5.694135	3.17731	
hsa-mir-302f	0.0	0.0	0.0	0.0	0.0	0.0	0.0	0.0	0.0	0.0	0.0	0.0	
hsa-mir-4262	0.0	0.0	0.0	0.0	0.0	0.0	0.0	0.0	0.0	0.0	0.0	0.0	
hsa-mir-548u	0.0	0.0	0.0	0.0	0.0	0.0	0.0	0.0	0.0	0.0	0.0	0.0	
hsa-mir-34a	88.207306	236.161311	156.193565	40.918014	163.934477	389.193573	80.817078	291.322126	31.842293	43.565138	398.800351	333.617558	
hsa-mir-548i-1	0.0	0.0	0.0	0.0	0.0	0.0	0.0	0.0	0.0	0.0	0.0	0.0	
hsa-mir-937	7.511571	12.353053	0.861758	0.51795	0.312256	1.328759	8.430559	4.561628	3.00399	1.067297	1.476257	7.221159	
hsa-mir-519a-1	3.219245	31.245958	0.0	0.0	0.0	0.132876	0.0	2.280814	0.0	14.165947	0.0	5.488081	
hsa-mir-1302-7	0.0	0.0	0.0	0.0	0.0	0.0	0.0	0.0	0.0	0.0	0.0	0.0	
hsa-mir-1302-6	0.0	0.0	0.0	0.0	0.0	0.0	0.0	0.0	0.0	0.0	0.0	0.0	
hsa-mir-760	6.223873	3.633251	1.615795	0.51795	1.249025	7.042424	12.791192	2.902854	1.201596	0.388108	1.476257	3.466156	
hsa-mir-500a	104.518146	156.22979	167.935012	62.671895	130.210813	425.867328	43.606337	262.70828	190.45296	122.060008	348.185817	332.751019	
hsa-mir-3648	0.965773	5.086551	1.938955	2.589748	0.936768	0.132876	1.162836	2.073467	2.403192	6.597838	1.687151	2.021925	
hsa-mir-3686	0.0	0.0	0.0	0.0	0.0	0.0	0.0	0.0	0.0	0.0	0.0	0.0	
hsa-mir-4327	0.0	0.0	0.0	0.0	0.0	0.0	0.0	0.0	0.0	0.0	0.0	0.0	
hsa-mir-186	127.482091	216.541755	162.441308	94.784766	412.178115	141.645732	218.031686	193.247132	147.195505	235.678664	517.322719	277.00367	
hsa-mir-4328	0.0	0.0	0.0	0.0	0.0	0.0	0.0	0.0	0.0	0.0	0.0	0.0	
hsa-mir-3202-1	0.0	0.0	0.0	0.0	0.312256	0.0	0.0	0.0	0.0	0.0	0.0	0.0	
hsa-mir-128-2	39.704018	48.685562	55.906524	74.066784	49.960984	724.173771	124.423415	139.336988	49.866232	33.765408	76.765377	143.2678	
hsa-mir-4277	0.0	0.0	0.0	0.0	0.0	0.0	0.0	0.0	0.0	0.0	0.0	0.0	
hsa-mir-1244-1	0.0	0.0	0.0	0.0	0.0	0.0	0.0	0.0	0.0	0.0	0.0	0.0	
hsa-mir-554	0.0	0.0	0.0	0.0	0.0	0.0	0.0	0.0	0.0	0.0	0.0	0.0	
hsa-mir-548aa-1	0.0	0.0	0.0	0.0	0.0	0.0	0.0	0.0	0.0	0.0	0.0	0.0	
hsa-mir-320d-1	0.429233	0.0	0.969477	0.0	1.249025	0.132876	1.453545	0.62204	0.300399	0.194054	0.210894	1.155385	
hsa-mir-520f	5.365408	0.0	0.0	0.0	0.0	0.0	0.0	0.0	0.0	0.097027	0.0	0.0	
hsa-mir-599	0.0	0.0	0.10772	0.0	22.170186	19.134133	0.0	0.0	0.0	0.0	0.0	0.0	
hsa-mir-3183	0.107308	0.0	0.0	0.0	0.0	0.0	0.0	0.0	0.0	0.097027	0.0	0.0	
hsa-mir-1287	14.379293	33.425909	44.165077	11.39489	22.170186	55.940763	234.892803	33.175473	27.035909	20.27865	34.164811	36.972335	
hsa-mir-548aa-2	0.0	0.0	0.0	0.0	0.0	0.0	0.0	0.0	0.0	0.0	0.0	0.0	
hsa-mir-922	0.0	0.0	0.0	0.0	0.0	0.0	0.0	0.0	0.0	0.0	0.0	0.0	
hsa-mir-943	0.214616	0.0	0.0	0.0	0.0	0.398628	0.0	0.0	0.0	0.0	0.210894	0.288846	
hsa-mir-611	0.0	0.0	0.0	0.0	0.0	0.0	0.0	0.207347	0.0	0.097027	0.421788	0.0	
hsa-mir-192	556.607414	677.964624	10709.708012	90.12322	12033.415155	5682.837401	605.255959	322.631479	93.724485	10555.473945	1219.177594	1058.621949	
hsa-mir-30c-1	0.321924	2.906601	0.215439	1.553849	0.936768	1.993139	2.325671	2.280814	0.600798	1.455406	3.585196	2.310771	
hsa-mir-301b	11.05274	2.906601	0.215439	2.071798	0.0	0.398628	0.0	1.658774	0.901197	2.037568	2.741621	2.310771	
hsa-mir-1205	0.0	0.0	0.0	0.0	0.0	0.0	0.0	0.0	0.0	0.0	0.0	0.0	
hsa-mir-711	0.0	0.0	0.0	0.0	0.0	0.0	0.0	0.0	0.0	0.0	0.0	0.0	
hsa-mir-409	30.582825	32.699258	20.143584	16.056436	9.679941	3.58765	6.395596	28.199152	16.822343	75.972167	12.231846	11.842701	
hsa-mir-410	8.370036	2.906601	9.587053	6.215394	1.249025	1.195883	5.23276	13.684883	7.209576	45.699733	4.006984	5.488081	
hsa-mir-1253	0.0	0.0	0.0	0.0	0.0	0.0	0.0	0.0	0.0	0.0	0.0	0.0	
hsa-mir-3659	0.0	0.0	0.0	0.51795	0.0	0.0	0.0	0.0	0.0	0.0	0.0	0.0	
hsa-mir-4285	0.0	0.0	0.0	0.0	0.0	0.0	0.0	0.0	0.0	0.0	0.0	0.0	
hsa-mir-1296	6.97503	5.813201	5.493705	1.035899	1.249025	0.66438	1.162836	6.427748	12.616758	2.61973	5.905029	8.665391	
hsa-mir-3941	0.107308	0.0	0.10772	0.0	0.624512	0.797256	0.290709	0.0	0.0	0.776216	0.210894	0.0	
hsa-mir-766	6.331181	4.359901	6.894061	5.697445	5.932867	1.860263	10.174812	21.356711	6.00798	3.104865	6.115923	16.464243	
hsa-mir-521-1	0.643849	0.0	0.0	0.0	0.0	0.0	0.0	0.207347	0.0	0.679189	0.0	0.0	
hsa-mir-4300	0.0	0.0	0.0	0.0	0.0	0.0	0.0	0.0	0.0	0.0	0.0	0.0	
hsa-mir-636	0.429233	1.4533	0.215439	1.035899	0.624512	0.132876	0.872127	0.829387	0.0	0.097027	0.421788	0.0	
hsa-mir-106a	5.043483	10.173103	58.922676	2.071798	10.304453	8.769811	11.919065	14.928963	38.75147	9.79973	6.748605	39.860799	
hsa-mir-133a-1	44.532885	2.179951	7.21722	9.323092	1.249025	0.531504	0.290709	7.049788	13.217556	76.845411	31.844978	10.398469	
hsa-mir-148a	15436.600409	33432.448419	9003.643403	6247.507368	44588.616577	14008.443999	48569.610395	71515.953256	10055.856188	23854.484289	81540.647373	6893.02979	
hsa-mir-516b-2	0.858465	0.0	0.0	0.0	0.0	0.132876	0.0	0.207347	0.0	0.0	0.0	0.0	
hsa-mir-1289-2	0.0	0.0	0.0	0.0	0.0	0.0	0.0	0.0	0.0	0.0	0.0	0.0	
hsa-mir-892b	0.0	0.0	0.0	0.0	0.0	0.0	0.0	0.0	0.0	0.0	0.210894	0.288846	
hsa-mir-654	40.884408	11.626403	55.044767	9.323092	3.747074	1.860263	13.081901	44.579542	12.316359	61.903247	12.864527	18.775014	
hsa-mir-1225	0.0	0.0	0.0	0.0	0.0	0.0	0.0	0.0	0.0	0.0	0.0	0.0	
hsa-mir-662	0.0	0.0	0.215439	0.0	0.0	0.0	0.290709	0.0	0.0	0.097027	0.0	0.0	
hsa-mir-876	0.214616	0.0	0.0	0.51795	0.0	0.0	0.0	0.207347	0.0	0.194054	0.632682	0.577693	
hsa-mir-3663	0.0	0.0	0.0	0.0	0.0	0.0	0.0	0.0	0.0	0.194054	0.0	0.0	
hsa-mir-3189	0.0	0.0	0.861758	0.0	0.624512	0.265752	0.581418	0.207347	0.300399	0.0	0.0	1.155385	
hsa-mir-631	0.0	0.0	0.0	0.0	0.0	0.0	0.0	0.0	0.0	0.0	0.0	0.0	
hsa-mir-100	5995.736003	3908.651352	5374.88987	656.760018	3803.904388	6710.499776	3962.943916	8918.189283	5323.6709	6565.722328	17838.881706	6519.551433	
hsa-mir-4312	0.0	0.0	0.0	0.0	0.0	0.0	0.0	0.0	0.0	0.0	0.0	0.0	
hsa-mir-338	114.819729	180.935896	265.7445	34.18467	386.573111	46.9052	199.717024	560.250807	100.934061	460.684355	1041.394042	182.839753	
hsa-mir-613	0.0	0.0	0.0	0.0	0.0	0.0	0.0	0.0	0.0	0.0	0.0	0.0	
hsa-mir-361	287.585863	403.290853	757.808089	201.482372	423.10708	358.632111	870.09178	780.660358	254.437944	270.511369	965.894029	575.093124	
hsa-mir-550a-1	1.931547	0.72665	3.770189	0.0	2.498049	1.063007	11.337648	4.561628	1.201596	5.336487	1.265363	1.155385	
hsa-mir-15b	100.976976	239.794561	211.346051	323.200514	71.194402	33.617608	344.199354	240.314835	170.626626	117.111629	224.601996	498.259989	
hsa-mir-138-1	0.321924	0.0	3.66247	0.0	0.624512	0.0	0.290709	6.842441	0.0	1.455406	86.67739	0.866539	
hsa-mir-4265	0.0	0.0	0.0	0.0	0.0	0.0	0.0	0.0	0.0	0.0	0.0	0.0	
hsa-mir-3161	0.0	0.0	0.0	0.51795	0.0	0.0	0.0	0.207347	0.0	0.0	0.0	0.0	
hsa-mir-519e	0.107308	0.0	0.0	0.0	0.0	0.0	0.0	0.0	0.0	0.0	0.0	0.0	
hsa-mir-3617	0.107308	0.0	0.215439	0.0	0.0	0.0	0.0	0.0	0.0	0.0	0.210894	0.288846	
hsa-mir-1263	0.0	0.0	0.0	0.0	0.0	0.0	0.0	0.0	0.0	0.097027	0.0	0.0	
hsa-mir-619	0.0	0.0	0.0	0.0	0.0	0.0	0.0	0.0	0.0	0.0	0.0	0.0	
hsa-mir-3200	3.326553	0.72665	1.615795	0.51795	0.936768	7.441052	0.872127	2.902854	2.403192	3.298919	11.810058	25.707327	
hsa-mir-758	20.495858	10.899753	13.572682	17.610284	2.498049	1.860263	3.197798	34.419554	9.913167	62.000274	6.326817	6.643467	
hsa-mir-670	0.0	0.0	0.0	0.0	0.0	0.0	0.0	0.0	0.0	0.097027	0.0	0.0	
hsa-mir-526a-2	0.0	0.0	0.0	0.0	0.0	0.0	0.0	0.0	0.0	0.0	0.0	0.0	
hsa-mir-3915	0.0	0.0	0.0	0.0	0.0	0.0	0.0	0.0	0.300399	0.0	0.0	0.0	
hsa-mir-134	356.799624	378.584747	250.556022	112.913	62.138973	26.575184	77.037862	347.09839	145.393111	731.098697	80.139679	97.91892	
hsa-mir-1178	0.0	0.0	0.0	0.0	0.0	0.0	0.290709	0.0	0.0	0.0	0.0	0.0	
hsa-mir-548a-3	0.0	0.0	0.0	0.51795	0.0	0.0	0.0	0.0	0.0	0.0	0.0	0.0	
hsa-mir-1301	5.901949	29.066007	8.509856	6.215394	6.557379	12.224585	47.094844	14.928963	4.205586	13.874866	16.027936	28.884637	
hsa-mir-3911	0.107308	0.0	0.0	0.51795	0.0	0.398628	0.290709	0.0	0.0	0.291081	0.0	0.0	
hsa-mir-640	0.0	0.0	0.0	0.0	0.0	0.0	0.0	0.0	0.0	0.0	0.0	0.0	
hsa-mir-3621	0.0	0.0	0.0	0.0	0.0	0.0	0.0	0.0	0.0	0.0	0.0	0.0	
hsa-mir-720	0.0	0.0	0.0	0.0	0.0	0.0	0.290709	0.0	0.300399	0.0	0.210894	0.288846	
hsa-mir-1274b	1.287698	5.813201	10.125652	6.733344	0.624512	2.126015	11.919065	52.873411	0.300399	2.328649	10.966482	6.065774	
hsa-mir-378c	0.536541	3.633251	1.292636	3.625647	4.996098	1.594511	0.872127	1.658774	0.901197	0.388108	0.421788	1.444232	
hsa-mir-95	1.18039	3.633251	10.341091	1.553849	4.05933	0.66438	11.919065	5.391014	2.403192	1.455406	46.818444	18.486168	
hsa-mir-3682	0.858465	0.0	0.323159	2.589748	0.0	0.0	1.744253	1.036734	0.300399	0.776216	0.632682	0.866539	
hsa-mir-532	266.875388	868.346973	1261.505407	206.661867	573.614543	1832.757582	282.569064	1636.794918	473.428808	451.078679	1599.630176	923.153001	
hsa-mir-144	12.23313	14.533004	57.30688	15.538486	351.600422	199.446758	15.407572	24.674258	133.97795	203.853797	313.388325	53.436579	
hsa-mir-3673	0.0	0.0	0.0	0.0	0.0	0.0	0.0	0.0	0.0	0.0	0.0	0.0	
hsa-mir-549	0.0	0.0	0.430879	0.0	0.0	0.0	4.942052	0.62204	0.0	0.0	0.421788	0.577693	
hsa-mir-29b-1	177.487693	366.958344	228.688923	61.118046	177.986004	109.091131	320.942641	364.930207	45.059848	164.169741	795.28087	298.667147	
hsa-mir-3134	0.0	0.0	0.0	0.0	0.0	0.0	0.0	0.0	0.0	0.0	0.0	0.0	
hsa-mir-1249	1.287698	5.086551	1.615795	4.143596	0.936768	0.66438	0.872127	1.86612	0.600798	0.582162	0.210894	2.021925	
hsa-mir-518a-1	1.502314	0.0	0.0	0.0	0.0	0.0	0.0	0.207347	0.0	1.164324	0.0	0.288846	
hsa-mir-603	0.0	0.0	0.0	0.0	0.0	0.0	0.0	0.0	0.0	0.0	0.0	0.288846	
hsa-mir-3605	1.073082	5.086551	1.723515	0.51795	6.557379	2.126015	2.325671	2.695507	0.300399	1.455406	7.381286	4.332696	
hsa-mir-661	0.0	0.0	0.0	0.0	0.0	0.0	0.0	0.0	0.0	0.0	0.0	0.0	
hsa-mir-3936	0.0	0.0	0.0	0.0	0.0	0.265752	0.0	0.0	0.0	0.097027	0.421788	0.0	
hsa-mir-454	8.15542	26.159407	5.493705	4.661546	8.430916	5.713665	9.884103	5.183668	3.905187	8.538379	15.817042	14.153472	
hsa-mir-198	0.0	0.0	0.0	0.0	0.0	0.0	0.0	0.0	0.0	0.0	0.0	0.0	
hsa-mir-3622b	0.0	0.0	0.0	0.0	0.0	0.132876	0.0	0.0	0.0	0.0	0.421788	0.0	
hsa-mir-218-1	0.536541	0.0	1.400356	0.0	0.312256	0.265752	0.872127	2.488161	0.300399	1.552433	0.632682	1.733078	
hsa-mir-3714	0.0	0.0	0.0	0.0	0.0	0.0	0.0	0.0	0.0	0.0	0.0	0.0	
hsa-mir-105-2	0.858465	0.0	0.323159	11.912839	0.0	0.0	0.0	1.86612	14.719551	71.800005	0.421788	0.288846	
hsa-mir-98	75.330327	112.630779	37.378736	108.251454	85.558184	108.028124	49.711224	38.773835	43.557854	28.720002	145.72768	75.966595	
hsa-mir-1278	0.0	0.0	0.0	0.0	0.0	0.0	0.0	0.0	0.0	0.0	0.0	0.0	
hsa-mir-1233-1	0.0	0.0	0.0	0.0	0.0	0.0	0.0	0.0	0.0	0.0	0.0	0.0	
hsa-mir-586	0.0	0.0	0.0	0.0	0.0	0.0	0.0	0.0	0.0	0.0	0.0	0.0	
hsa-mir-92b	41.635565	162.769642	286.103523	24.343628	45.277141	50.227098	858.172714	166.29206	25.834313	65.396221	88.786329	1407.259518	
hsa-mir-1273d	0.0	0.0	0.0	0.0	0.0	0.0	0.0	0.0	0.0	0.0	0.0	0.0	
hsa-mir-3149	0.0	0.0	0.0	0.0	0.0	0.0	0.0	0.0	0.300399	0.0	0.421788	0.0	
hsa-mir-9-2	765.214473	15939.071835	193.78774	535.559826	333.177309	237.183519	77.61928	1298.612436	455.404869	4298.588664	10.755589	20571.060829	
hsa-mir-1282	0.0	0.0	0.0	0.0	0.0	0.0	0.0	0.0	0.0	0.0	0.0	0.0	
hsa-mir-657	0.0	0.0	0.0	0.0	0.0	0.0	0.0	0.0	0.0	0.0	0.0	0.0	
hsa-mir-496	2.89732	0.0	0.861758	2.071798	0.936768	0.0	0.290709	4.146934	0.600798	4.463244	0.843576	1.155385	
hsa-mir-3133	0.0	0.0	0.0	0.0	0.0	0.0	0.0	0.0	0.0	0.0	0.0	0.0	
hsa-mir-3908	0.0	0.0	0.0	0.0	0.0	0.0	0.0	0.0	0.0	0.0	0.0	0.0	
hsa-mir-384	0.0	0.0	0.0	0.0	0.0	0.0	0.0	0.0	0.0	0.0	0.0	0.0	
hsa-mir-3142	0.0	0.0	0.0	0.0	0.0	0.0	0.0	0.0	0.0	0.0	0.0	0.0	
hsa-mir-1305	0.0	0.72665	0.0	0.0	0.0	0.531504	0.0	0.0	0.300399	0.582162	0.210894	0.288846	
hsa-mir-3178	0.0	0.0	0.0	0.0	0.0	0.132876	0.0	0.207347	0.0	0.0	0.0	0.0	
