miRNA	bladder	breast_cancer	cervical	head n neck	KIRC	KIRP	LUAD	LUSC	PRAD	STAD	THCA	UCEC	
hsa-mir-3128	0.0	0.0	0.118438	0.0	0.0	0.0	0.0	0.298948	0.0	0.0	0.0	0.0	
hsa-mir-3658	0.0	0.0	0.0	0.0	0.0	0.0	0.0	0.0	0.0	0.0	0.0	0.0	
hsa-mir-217	1.771178	25.559522	12.08064	7.97718	1.456229	153.204962	26.312068	13.452661	13.037025	11.906129	8.118091	12.426311	
hsa-mir-22	11618.929609	74313.291426	79215.956963	112291.438292	63164.404335	68641.746313	36959.527811	99379.294202	18928.775005	40059.333577	38197.645875	29573.48671	
hsa-mir-612	0.0	0.22619	0.0	0.0	0.0	0.113907	0.0	0.0	0.438219	0.0	0.0	0.03777	
hsa-mir-206	0.33022	0.452381	0.473751	17.28389	0.48541	3.758932	0.0	0.0	0.109555	0.957964	0.405905	0.0	
hsa-mir-3944	0.0	0.452381	0.118438	0.664765	0.0	0.227814	1.174646	0.298948	0.0	0.273704	0.202952	0.03777	
hsa-mir-4283-2	0.0	0.0	0.0	0.0	0.0	0.0	0.0	0.0	0.0	0.0	0.0	0.0	
hsa-mir-3141	0.0	0.0	0.0	0.0	0.0	0.0	0.0	0.0	0.0	0.0	0.0	0.0	
hsa-mir-503	0.42028	7.916666	6.395633	3.323825	139.797953	13.327123	2.349292	4.185272	0.21911	1.094816	7.509234	4.683473	
hsa-mir-3672	0.0	0.0	0.0	0.0	0.0	0.0	0.0	0.0	0.0	0.0	0.0	0.0	
hsa-mir-1228	0.06004	2.035714	0.829064	0.664765	0.970819	0.227814	0.234929	1.195792	0.328665	0.273704	0.405905	0.339929	
hsa-mir-499	0.06004	0.0	0.0	0.0	0.48541	0.911256	0.234929	0.0	0.0	0.0	0.405905	0.03777	
hsa-mir-103-1	1903.596387	10804.891957	8302.242463	20092.521992	10864.922169	7460.682993	20926.081414	27761.510022	3935.209708	5816.349195	12721.453901	3798.145345	
hsa-mir-548w	0.0	0.0	0.0	0.0	0.0	0.0	0.0	0.0	0.0	0.0	0.0	0.0	
hsa-mir-3689b	0.0	0.0	0.0	0.0	0.0	0.0	0.0	0.0	0.0	0.0	0.0	0.0	
hsa-mir-522	0.0	6.333333	0.0	4.653355	0.0	0.0	0.0	0.0	0.0	0.0	0.0	0.0	
hsa-mir-519c	0.0	0.678571	0.0	0.0	0.0	0.0	0.0	0.298948	0.0	0.0	0.0	0.0	
hsa-mir-1294	0.03002	0.22619	0.0	0.0	0.0	0.113907	2.584221	0.0	0.0	0.136852	0.608857	0.0	
hsa-mir-600	0.0	0.0	0.0	0.0	0.0	0.0	0.0	0.0	0.0	0.136852	0.0	0.0	
hsa-mir-224	0.600399	52.702377	119.622028	51.186905	55.33669	1.13907	3.289008	50.821165	1.752877	13.000945	10.147613	2.417276	
hsa-mir-4260	0.0	0.0	0.0	0.0	0.0	0.0	0.0	0.0	0.0	0.0	0.0	0.0	
hsa-mir-550b-2	0.0	0.0	0.0	0.0	0.0	0.0	0.0	0.0	0.0	0.0	0.0	0.0	
hsa-mir-548o	0.03002	2.261905	0.355313	0.664765	0.48541	0.0	0.469858	0.896844	0.0	0.957964	0.405905	0.07554	
hsa-mir-4314	0.0	0.0	0.0	0.0	0.0	0.0	0.0	0.0	0.0	0.0	0.0	0.0	
hsa-mir-521-2	0.0	0.904762	0.0	0.0	0.0	0.0	0.0	0.0	0.0	0.0	0.0	0.0	
hsa-mir-18a	0.39026	24.202379	14.449393	21.27248	11.649829	1.708606	9.162238	17.936882	1.205103	7.116307	1.623618	1.888497	
hsa-mir-363	6.034014	17.416665	19.542212	11.301005	41.745222	35.766809	1.174646	4.48422	92.354727	11.632425	1.014761	9.518025	
hsa-mir-3927	0.0	0.0	0.118438	0.0	0.0	0.0	0.0	0.0	0.0	0.0	0.0	0.0	
hsa-mir-3162	0.0	0.0	0.0	0.0	0.0	0.0	0.0	0.0	0.0	0.0	0.0	0.0	
hsa-mir-3919	0.0	0.0	0.0	0.0	0.0	0.0	0.0	0.0	0.0	0.273704	0.0	0.0	
hsa-mir-561	0.0	1.130952	0.473751	0.0	2.427048	0.683442	0.0	2.690532	0.328665	0.0	0.0	0.717629	
hsa-mir-197	33.382208	493.773768	129.926103	932.000524	322.311947	200.818103	132.500055	621.811906	43.164605	227.995524	98.837753	54.841955	
hsa-mir-513c	0.0	0.22619	0.236875	0.664765	0.0	0.797349	0.0	0.0	0.0	0.136852	0.0	0.0	
hsa-mir-4309	0.0	0.0	0.0	0.0	0.0	0.0	0.0	0.0	0.0	0.0	0.0	0.0	
hsa-mir-203	22.755138	2951.785468	14456.618124	19849.882769	12.135239	251.962362	1428.13446	55413.605065	394.506964	2942.866593	4400.005114	162.14636	
hsa-mir-421	1.050699	2.261905	1.539689	8.641945	3.883276	2.961583	4.463654	10.762129	1.862432	0.68426	2.232475	1.057558	
hsa-mir-3139	0.0	0.0	0.0	0.0	0.0	0.113907	0.0	0.0	0.0	0.0	0.0	0.03777	
hsa-mir-1246	0.0	0.0	0.0	0.0	0.0	0.0	0.0	0.0	0.0	0.0	0.0	0.0	
hsa-mir-4257	0.0	0.0	0.0	0.0	0.0	0.0	0.0	0.0	0.0	0.0	0.0	0.0	
hsa-mir-3148	0.0	0.0	0.0	0.0	0.0	0.0	0.0	0.0	0.0	0.0	0.0	0.0	
hsa-mir-2276	0.0	0.0	0.118438	0.0	0.0	0.455628	0.0	2.391584	0.0	0.0	0.202952	0.0	
hsa-mir-19a	0.4503	63.559519	16.462833	15.289595	19.416382	2.278141	8.927309	12.256869	2.410206	7.800567	6.900377	6.911899	
hsa-mir-3180-5	0.0	0.0	0.0	0.0	0.0	0.0	0.0	0.0	0.0	0.0	0.0	0.0	
hsa-mir-412	0.06004	1.357143	9.830325	6.64765	0.48541	1.025163	3.993796	2.391584	0.438219	0.957964	0.0	0.22662	
hsa-mir-1268	0.0	0.0	0.0	0.0	0.0	0.0	0.0	0.0	0.0	0.0	0.0	0.0	
hsa-mir-548i-3	0.0	0.0	0.0	0.0	0.0	0.0	0.0	0.0	0.0	0.0	0.0	0.0	
hsa-mir-512-1	0.0	0.904762	0.0	0.0	0.0	0.0	0.0	0.0	0.0	0.0	0.0	0.0	
hsa-mir-155	6.994653	320.285688	293.370062	1132.094788	1185.370144	36.10853	1379.269192	379.664	64.527798	719.978662	357.195987	28.969545	
hsa-mir-1244-3	0.0	0.0	0.0	0.0	0.0	0.0	0.0	0.0	0.0	0.0	0.0	0.0	
hsa-mir-3165	0.0	0.0	0.0	0.0	0.0	0.0	0.0	0.0	0.0	0.136852	0.0	0.0	
hsa-mir-548h-2	0.0	0.0	0.0	0.0	0.0	0.0	0.0	0.0	0.0	0.0	0.0	0.0	
hsa-mir-621	0.0	0.0	0.0	0.0	0.0	0.0	0.0	0.0	0.0	0.0	0.0	0.0	
hsa-mir-548a-2	0.0	0.0	0.0	0.0	0.0	0.0	0.0	0.0	0.0	0.0	0.0	0.0	
hsa-mir-145	2522.368031	358.285684	2928.370922	565.050246	781.509391	1194.315264	360.851214	689.374161	1799.8764	18019.446951	676.033996	4346.11166	
hsa-mir-3175	0.0	0.22619	0.118438	0.0	0.0	0.0	0.0	0.0	0.0	0.0	0.0	0.0	
hsa-mir-3147	0.0	0.0	0.0	0.0	0.0	0.0	0.0	0.0	0.0	0.0	0.0	0.0	
hsa-mir-1267	0.0	0.0	0.0	0.664765	0.0	0.0	0.0	0.0	0.0	0.0	0.0	0.0	
hsa-mir-513a-1	0.0	0.22619	0.0	0.0	0.0	0.0	0.0	0.597896	0.0	0.0	0.0	0.0	
hsa-mir-507	0.0	0.0	0.0	0.0	0.0	0.911256	0.0	0.0	0.0	0.0	0.0	0.0	
hsa-mir-346	0.03002	0.0	0.236875	0.664765	0.0	0.0	0.0	0.0	0.109555	0.0	0.608857	0.03777	
hsa-mir-658	0.0	0.452381	0.473751	0.0	0.0	0.113907	0.469858	0.0	0.21911	0.136852	1.217714	0.11331	
hsa-mir-512-2	0.0	2.261905	0.0	0.664765	0.0	0.0	0.0	0.0	0.0	0.0	0.0	0.0	
hsa-mir-1272	0.0	0.0	0.0	0.0	0.0	0.0	0.0	0.0	0.0	0.0	0.0	0.0	
hsa-mir-3665	0.0	0.0	0.0	0.0	0.0	0.0	0.0	0.0	0.0	0.0	0.0	0.0	
hsa-mir-517b	0.0	0.452381	0.0	0.0	0.0	0.0	0.234929	0.0	0.0	0.0	0.0	0.0	
hsa-mir-1280	0.0	0.0	0.0	0.0	0.0	0.0	0.0	0.298948	0.0	0.0	0.0	0.0	
hsa-mir-592	0.03002	2.714285	1.065939	1.994295	11.16442	1.480791	0.704788	0.896844	0.109555	1.231668	4.870854	0.07554	
hsa-mir-518d	0.0	0.0	0.0	0.664765	0.0	0.0	0.0	0.0	0.0	0.0	0.0	0.0	
hsa-mir-146a	1.711138	311.46426	90.24949	289.837538	48.055546	56.156168	1017.243332	63.974879	18.733877	185.160831	104.114512	3.172675	
hsa-mir-93	205.036403	3377.023528	1856.865493	2399.136869	3202.246864	759.987739	1991.259695	4501.85841	662.149429	1271.903	751.126334	1019.410728	
hsa-mir-559	0.0	0.678571	0.0	0.0	0.0	0.0	0.234929	0.298948	0.0	0.410556	0.0	0.0	
hsa-mir-20b	2.041358	19.67857	18.120961	1.994295	36.891127	21.300616	1.174646	2.391584	49.190121	5.33723	0.0	9.366946	
hsa-mir-3689a	0.0	0.0	0.0	0.0	0.0	0.0	0.0	0.0	0.0	0.0	0.0	0.0	
hsa-mir-718	0.0	0.0	0.0	0.0	0.0	0.0	0.0	0.0	0.0	0.0	0.0	0.0	
hsa-mir-3155	0.0	0.0	0.0	0.0	0.0	0.0	0.0	0.0	0.0	0.0	0.0	0.03777	
hsa-mir-3907	0.0	0.0	0.0	0.0	0.0	0.0	0.0	0.0	0.0	0.0	0.0	0.0	
hsa-mir-151	375.609878	4862.190071	1918.689947	2008.255052	2495.490545	2410.956308	5542.684047	5550.568106	1082.730444	1369.478516	4390.872262	1259.740868	
hsa-mir-1976	0.1501	12.440475	5.803445	48.527845	20.872611	13.554937	12.921105	28.699011	1.752877	7.663715	7.915138	0.528779	
hsa-mir-181c	7.565033	369.595207	86.814798	117.663404	40.774403	27.67941	112.531075	26.307427	35.276657	72.531589	272.36194	109.268442	
hsa-mir-381	7.775173	20.357141	99.250752	232.002983	1.941638	21.52843	25.137422	30.193751	21.034529	153.548006	5.276759	58.24125	
hsa-mir-10a	1124.638177	17858.641369	10100.362881	1518.32325	35332.476424	44110.271578	17000.884743	11737.596571	666.860287	39826.274527	3229.173495	7318.341688	
hsa-mir-3136	0.0	0.452381	0.236875	1.32953	0.0	0.113907	0.0	1.793688	0.0	0.0	0.202952	0.07554	
hsa-mir-509-1	0.0	2.488095	0.355313	0.0	2.427048	17.086055	1.879433	1.793688	0.0	0.273704	1.420666	0.491009	
hsa-mir-3614	0.18012	3.845238	4.974381	24.596305	0.48541	0.341721	6.343088	9.267389	0.109555	3.421301	0.608857	0.491009	
hsa-mir-1825	0.0	0.0	0.0	0.0	0.0	0.0	0.0	0.0	0.0	0.0	0.0	0.03777	
hsa-mir-490	11.017329	0.0	0.236875	0.0	0.0	0.0	0.234929	0.0	0.0	40.371356	0.0	0.339929	
hsa-mir-3119-1	0.0	0.0	0.0	0.0	0.0	0.0	0.0	0.0	0.0	0.0	0.0	0.0	
hsa-mir-885	0.03002	0.678571	0.236875	0.0	19.416382	0.113907	0.0	0.597896	0.109555	1.505373	0.0	0.566549	
hsa-mir-377	0.42028	0.678571	7.58001	11.96577	0.0	0.797349	1.879433	0.896844	0.985994	5.884638	0.608857	1.473028	
hsa-mir-23a	461.917295	10482.796745	2904.091204	2357.256674	3876.480742	1250.699247	4133.108992	3386.184356	530.245406	2044.022295	3368.804654	1161.08578	
hsa-mir-548f-4	0.0	0.22619	0.0	0.664765	0.0	0.0	0.0	0.597896	0.0	0.0	0.0	0.0	
hsa-mir-655	0.27018	0.452381	2.842504	4.653355	0.0	0.113907	0.939717	1.49474	0.547774	2.737041	0.0	0.944249	
hsa-mir-23b	572.420809	1972.380788	1792.198536	622.884801	1460.111955	1491.498719	2877.412546	654.995138	663.573642	1771.27615	1674.559142	1994.630625	
hsa-mir-646	0.0	0.0	0.0	0.0	0.0	0.0	0.0	0.0	0.0	0.0	0.0	0.0	
hsa-mir-4326	0.42028	0.0	4.382193	12.630535	9.708191	1.480791	1.644504	7.772649	0.109555	0.136852	1.420666	1.473028	
hsa-mir-101-1	1346.575823	24390.117015	14564.159511	9935.577624	10232.918923	15886.842017	10613.865238	5701.536862	7388.706803	6040.102305	29658.226356	17159.337787	
hsa-mir-30c-2	103.89912	844.821358	173.629596	251.281168	2543.546092	2440.572137	394.211157	457.091541	134.752448	520.995774	769.392038	219.367822	
hsa-mir-7-3	0.0	0.0	0.0	1.32953	0.0	0.113907	0.469858	2.092636	0.109555	2.463337	0.202952	0.0	
hsa-mir-1973	0.0	0.0	0.0	0.0	0.0	0.0	0.0	0.0	0.0	0.0	0.0	0.0	
hsa-mir-4275	0.0	0.0	0.0	0.0	0.0	0.0	0.0	0.0	0.0	0.0	0.0	0.0	
hsa-mir-1302-9	0.0	0.0	0.0	0.0	0.0	0.0	0.0	0.0	0.0	0.0	0.0	0.0	
hsa-mir-623	0.0	0.0	0.0	0.0	0.0	0.0	0.0	0.0	0.0	0.0	0.0	0.0	
hsa-mir-3917	0.0	0.678571	1.302814	3.323825	0.0	0.113907	4.228725	0.597896	0.547774	0.821112	2.841332	0.415469	
hsa-mir-520d	0.0	0.22619	0.0	0.0	0.0	0.0	0.0	0.0	0.0	0.0	0.0	0.0	
hsa-mir-3666	0.0	0.0	0.0	0.0	0.0	0.0	0.0	0.0	0.0	0.0	0.0	0.0	
hsa-mir-1302-10	0.0	0.0	0.0	0.0	0.0	0.0	0.0	0.0	0.0	0.0	0.0	0.0	
hsa-mir-520b	0.0	2.488095	0.0	0.0	0.0	0.0	0.0	0.0	0.0	0.0	0.0	0.03777	
hsa-mir-544	0.0	0.0	0.0	0.0	0.0	0.0	0.0	0.0	0.0	0.0	0.0	0.0	
hsa-mir-150	15.370225	78.714279	1175.019936	3562.475611	259.694114	100.124284	699.149227	332.729159	130.151145	1083.868277	456.03374	67.797045	
hsa-mir-374a	219.626108	569.999953	423.888353	481.954622	509.194628	562.017312	458.816681	879.505109	544.59709	329.266045	1121.920123	500.829428	
hsa-mir-3187	0.0	0.904762	0.236875	0.0	0.0	0.227814	0.234929	2.092636	0.109555	0.273704	0.405905	0.03777	
hsa-mir-633	0.0	0.0	0.0	0.0	0.0	0.0	0.0	0.0	0.0	0.0	0.0	0.0	
hsa-mir-3130-2	0.0	0.0	0.0	0.0	0.0	0.0	0.0	0.0	0.0	0.0	0.0	0.0	
hsa-mir-4296	0.0	0.0	0.0	0.0	0.0	0.0	0.0	0.0	0.0	0.0	0.0	0.0	
hsa-mir-3910-1	0.0	0.0	0.0	0.0	0.0	0.0	0.0	0.0	0.0	0.0	0.0	0.0	
hsa-mir-3912	0.21014	0.22619	0.592188	0.0	0.970819	0.455628	0.939717	0.0	0.109555	0.410556	2.638379	0.642089	
hsa-mir-3921	0.0	0.0	0.0	0.0	0.0	0.0	0.0	0.0	0.0	0.0	0.0	0.11331	
hsa-mir-212	0.930619	9.72619	9.711887	15.95436	1.456229	3.303304	19.499122	11.061077	3.17709	5.33723	4.261998	6.5342	
hsa-mir-1260b	0.0	0.0	0.0	0.0	0.0	0.0	0.0	0.0	0.0	0.0	0.0	0.0	
hsa-mir-448	0.0	0.0	0.0	0.0	0.0	0.0	0.0	3.886324	0.0	0.0	0.0	0.07554	
hsa-mir-1236	0.0	0.0	0.0	0.0	0.0	0.0	0.234929	0.597896	0.0	0.0	0.0	0.0	
hsa-mir-510	0.0	0.0	0.0	0.0	0.0	0.341721	0.0	0.0	0.0	0.0	0.0	0.0	
hsa-mir-3150b	0.0	0.0	2.01344	2.65906	0.0	0.455628	0.704788	5.978961	0.109555	1.231668	0.202952	0.07554	
hsa-mir-627	0.06004	0.22619	0.592188	1.32953	0.970819	0.797349	0.939717	1.49474	0.547774	2.189633	0.811809	0.604319	
hsa-mir-4319	0.0	0.0	0.0	0.0	0.0	0.0	0.0	0.0	0.0	0.0	0.0	0.0	
hsa-mir-3926-2	0.03002	0.452381	0.473751	0.0	0.0	0.0	0.0	0.0	0.109555	0.0	0.0	0.377699	
hsa-mir-614	0.0	0.0	0.0	0.0	0.0	0.0	0.0	0.0	0.0	0.0	0.0	0.0	
hsa-mir-487a	0.12008	0.0	0.710626	1.32953	0.0	0.683442	0.704788	0.0	0.766884	2.737041	0.0	0.415469	
hsa-mir-1302-3	0.0	0.0	0.0	0.0	0.0	0.0	0.0	0.0	0.0	0.0	0.0	0.0	
hsa-mir-3167	0.0	0.0	0.0	0.0	0.0	0.0	0.0	0.0	0.0	0.0	0.0	0.0	
hsa-mir-135a-2	0.0	0.0	0.0	0.0	1.941638	7.29005	0.0	0.0	0.21911	0.0	40.387501	0.0	
hsa-mir-548h-4	0.0	0.0	0.0	0.0	0.0	0.0	0.0	0.0	0.0	0.0	0.0	0.0	
hsa-mir-103-2-as	0.0	0.0	0.0	0.0	0.0	0.0	0.0	0.0	0.0	0.0	0.0	0.0	
hsa-mir-548m	0.0	0.0	0.0	0.0	0.0	0.0	0.0	0.0	0.0	0.0	0.0	0.0	
hsa-mir-4316	0.0	0.0	0.0	0.0	0.0	0.0	0.0	0.0	0.0	0.0	0.0	0.0	
hsa-mir-3656	0.0	0.0	0.0	0.0	0.0	0.341721	0.234929	0.0	0.0	0.0	0.0	0.03777	
hsa-mir-223	18.672422	54.28571	258.075642	930.670994	241.248551	26.426432	74.00269	1714.76591	51.490773	333.097902	48.099687	38.109871	
hsa-mir-320b-1	0.0	0.0	0.0	0.0	0.0	0.0	0.0	0.0	0.0	0.0	0.0	0.0	
hsa-mir-4280	0.0	0.0	0.0	0.0	0.0	0.0	0.0	0.0	0.0	0.0	0.0	0.0	
hsa-mir-3118-5	0.0	0.0	0.0	0.0	0.0	0.0	0.0	0.0	0.0	0.0	0.0	0.0	
hsa-mir-24-2	882.58715	7592.535082	2238.945355	7523.145455	1993.577061	1827.296659	3805.147862	5730.235873	1368.559011	2080.424942	3100.501759	1630.339537	
hsa-mir-3145	0.0	0.452381	0.0	0.0	0.0	0.0	0.0	0.298948	0.0	0.136852	0.0	0.0	
hsa-mir-199a-1	96.574247	2988.880703	2506.022258	1358.114886	114.071246	445.946043	618.333591	338.110224	186.462331	457.085864	225.277015	1073.723905	
hsa-mir-193a	62.74174	625.642805	164.39146	434.091542	377.163228	94.087211	246.440706	307.916473	54.777418	118.377028	307.675634	60.998456	
hsa-mir-1468	0.48032	9.273809	2.842504	0.664765	2.912457	16.858241	7.987592	2.391584	1.205103	5.063526	7.306282	4.419083	
hsa-mir-3668	0.0	0.0	0.0	0.0	0.0	0.0	0.0	0.0	0.0	0.0	0.0	0.0	
hsa-mir-3116-2	0.0	0.22619	0.0	0.0	0.0	0.227814	0.0	0.0	0.0	0.0	0.0	0.0	
hsa-mir-524	0.0	0.0	0.0	0.0	0.0	0.0	0.0	0.0	0.0	0.0	0.0	0.0	
hsa-mir-196a-2	0.06004	0.452381	0.0	0.0	14.076877	2.164234	0.0	0.0	0.0	0.410556	0.0	0.15108	
hsa-mir-501	2.731817	27.595236	13.265017	47.198315	80.577987	70.166734	55.208356	68.160151	4.710858	25.043926	15.018468	27.458748	
hsa-mir-3115	0.0	0.0	0.118438	0.0	0.0	0.0	0.0	0.298948	0.21911	0.0	0.0	0.03777	
hsa-mir-607	0.12008	0.22619	0.0	1.994295	0.0	0.0	0.469858	0.597896	0.328665	0.0	0.202952	0.0	
hsa-mir-1302-2	0.0	0.0	0.0	0.0	0.0	0.0	0.0	0.0	0.0	0.0	0.0	0.0	
hsa-mir-1182	0.0	0.0	0.0	0.0	0.0	0.0	0.0	0.0	0.0	0.0	0.0	0.0	
hsa-mir-1-1	0.39026	0.0	0.0	0.0	0.0	0.0	0.0	0.0	0.21911	0.136852	0.0	0.30216	
hsa-mir-370	0.660439	2.714285	13.383455	13.2953	0.48541	2.050327	6.812946	4.783169	2.300652	6.295195	0.202952	4.570163	
hsa-mir-1233-2	0.0	0.0	0.0	0.0	0.0	0.0	0.0	0.0	0.0	0.0	0.0	0.0	
hsa-mir-485	0.27018	3.392857	3.671567	12.630535	0.48541	2.050327	1.879433	1.793688	0.547774	2.737041	0.811809	0.679859	
hsa-mir-365-2	23.325518	15.380951	13.62033	11.96577	56.307509	7.062236	20.673767	151.267704	11.831922	30.928564	9.741709	7.516218	
hsa-mir-194-1	3.602397	82.333326	29.372537	39.8859	2770.232356	3641.380102	77.526628	102.539175	17.638329	4902.998579	109.188319	29.687174	
hsa-mir-4259	0.0	0.0	0.0	0.0	0.0	0.0	0.0	0.0	0.0	0.0	0.0	0.0	
hsa-mir-891a	0.06004	0.678571	0.0	0.0	0.970819	192.047261	0.469858	40.656932	0.328665	0.821112	4.870854	0.11331	
hsa-mir-195	26.087355	34.83333	46.90131	101.044279	55.822099	67.432965	36.883881	29.296907	51.381218	66.099543	31.457601	72.744908	
hsa-mir-3173	0.09006	0.0	0.0	0.664765	0.48541	0.455628	0.234929	2.690532	0.109555	0.547408	0.202952	0.03777	
hsa-mir-802	0.0	0.678571	0.0	0.0	0.0	0.0	0.0	0.0	0.0	7.663715	0.0	0.0	
hsa-mir-556	0.03002	0.678571	0.355313	0.0	0.0	0.113907	0.234929	0.298948	0.109555	0.410556	0.0	0.07554	
hsa-mir-516a-1	0.0	23.297617	0.0	0.664765	0.0	0.0	0.234929	0.298948	0.0	0.0	0.0	0.0	
hsa-mir-3124	0.0	0.452381	0.0	0.0	0.0	0.113907	0.469858	0.0	0.0	0.0	0.405905	0.03777	
hsa-mir-542	49.833152	116.488086	317.64978	144.254004	439.781061	463.032098	265.23504	146.185588	18.186103	49.677296	1130.647071	323.121852	
hsa-mir-4302	0.0	0.0	0.0	0.0	0.0	0.0	0.0	0.0	0.0	0.0	0.0	0.0	
hsa-mir-130b	0.750499	52.023805	11.962203	22.60201	17.960154	3.758932	31.48051	15.545298	2.957981	18.611879	5.682663	3.361525	
hsa-mir-302b	0.0	0.0	0.0	0.0	0.0	0.0	0.0	0.0	0.0	0.0	0.0	0.0	
hsa-mir-3180-3	0.0	0.0	0.0	0.0	0.0	0.0	0.0	0.0	0.0	0.0	0.0	0.0	
hsa-mir-571	0.0	0.0	0.0	0.0	0.0	0.0	0.0	0.0	0.0	0.0	0.0	0.0	
hsa-mir-583	0.0	0.0	0.0	0.0	0.0	0.0	0.0	0.0	0.0	0.0	0.0	0.0	
hsa-mir-3677	0.810539	2.488095	1.895002	7.97718	7.766553	2.164234	4.228725	17.637934	2.519761	3.558153	2.841332	1.473028	
hsa-mir-3674	0.0	0.0	0.0	0.0	0.0	0.0	0.0	0.0	0.0	0.0	0.0	0.0	
hsa-mir-1180	1.651098	18.547618	13.265017	15.289595	26.697526	29.046294	20.438838	68.160151	2.957981	9.853348	24.354272	8.309387	
hsa-mir-200c	9.126071	35228.258969	3214.160974	4431.988226	27.668345	744.382475	5928.907612	21219.032347	4355.02384	5463.270893	11548.998664	209.925336	
hsa-mir-548t	0.0	0.0	0.0	0.0	0.0	0.0	0.234929	0.0	0.438219	0.273704	0.0	0.03777	
hsa-mir-518f	0.0	0.22619	0.0	0.0	0.0	0.0	0.0	0.0	0.0	0.0	0.0	0.03777	
hsa-mir-3199-1	0.1501	0.678571	0.0	0.0	0.48541	0.797349	0.469858	0.896844	0.0	0.68426	1.014761	0.339929	
hsa-mir-545	0.0	0.452381	0.0	0.0	0.970819	0.113907	0.234929	0.597896	0.0	0.136852	0.202952	0.03777	
hsa-mir-1274a	0.0	0.0	0.0	0.0	0.0	0.0	0.0	0.0	0.0	0.0	0.0	0.0	
hsa-mir-514-2	0.03002	3.166666	0.473751	0.0	0.48541	77.342877	1.409575	3.288428	0.0	0.0	6.29152	0.15108	
hsa-mir-324	3.092057	55.416662	34.228481	57.16979	59.219966	54.903191	34.534589	98.054954	8.873942	39.9608	31.660553	15.598986	
hsa-mir-449c	0.0	0.0	0.0	0.0	0.0	0.0	0.0	0.0	0.0	0.136852	0.0	0.03777	
hsa-mir-3153	0.0	0.0	0.0	0.0	0.0	0.0	0.0	0.0	0.0	0.0	0.0	0.0	
hsa-mir-16-2	0.4503	9.72619	6.632508	11.96577	4.854096	1.480791	2.81915	8.071597	1.533768	5.884638	6.088568	0.906479	
hsa-mir-3939	0.0	0.0	0.0	0.0	0.0	0.0	0.0	0.0	0.0	0.0	0.202952	0.0	
hsa-mir-598	5.013335	18.773808	21.792528	9.971475	39.318174	27.793317	6.578017	4.783169	12.708361	23.94911	97.214135	12.65293	
hsa-mir-4298	0.0	0.0	0.0	0.0	0.0	0.0	0.0	0.0	0.0	0.0	0.0	0.0	
hsa-mir-1258	0.600399	0.678571	0.236875	0.0	0.0	0.113907	0.704788	0.298948	0.109555	0.68426	0.811809	0.793169	
hsa-mir-520g	0.0	0.678571	0.0	0.0	0.0	0.0	0.0	0.0	0.0	0.0	0.0	0.0	
hsa-mir-1911	0.03002	0.678571	0.0	0.0	0.0	0.0	0.0	23.915843	0.21911	0.0	0.202952	0.679859	
hsa-mir-299	0.27018	2.035714	5.092819	4.653355	0.0	1.13907	1.879433	2.690532	1.314658	7.253159	0.202952	0.982018	
hsa-mir-3118-6	0.0	0.0	0.0	0.0	0.0	0.0	0.0	0.0	0.0	0.0	0.0	0.0	
hsa-mir-30e	3268.094132	16791.927172	5406.323457	5809.381297	29857.056593	18986.935888	19385.885737	12330.410518	5708.135619	12072.951451	25507.446623	8271.503939	
hsa-mir-509-3	0.0	2.488095	0.0	0.0	1.456229	24.945641	1.644504	2.98948	0.0	0.0	2.638379	0.491009	
hsa-mir-3157	0.06004	0.452381	0.118438	1.994295	0.48541	0.341721	0.234929	0.298948	0.0	0.547408	0.0	0.03777	
hsa-mir-125b-1	171.173875	598.27376	1118.051426	832.950539	944.121593	571.471596	223.652575	263.373216	336.114237	746.117405	2480.888493	839.776885	
hsa-mir-4315-1	0.0	0.0	0.0	0.0	0.0	0.0	0.0	0.0	0.0	0.0	0.0	0.0	
hsa-mir-32	0.780519	37.095235	26.174721	54.51073	13.591468	30.185364	20.203909	31.389543	17.309664	17.517063	64.741773	6.5342	
hsa-mir-1270-2	0.06004	0.452381	0.118438	0.664765	42.230632	2.278141	1.644504	1.793688	0.328665	0.68426	0.608857	0.22662	
hsa-mir-129-2	0.39026	1.130952	1.776565	0.664765	0.0	5.695352	2.114363	2.690532	0.0	26.275595	4.46495	2.832746	
hsa-mir-939	0.03002	2.261905	0.473751	1.994295	0.970819	0.683442	1.174646	7.473701	0.328665	0.547408	0.202952	0.339929	
hsa-mir-4269	0.0	0.0	0.0	0.0	0.0	0.0	0.0	0.0	0.0	0.0	0.0	0.0	
hsa-mir-4287	0.0	0.0	0.0	0.0	0.0	0.0	0.0	0.0	0.0	0.0	0.0	0.0	
hsa-mir-200a	0.51034	1617.03558	449.944636	329.058673	611.616045	356.415113	500.634074	601.782388	194.459834	719.431254	535.996933	30.706963	
hsa-mir-548y	0.0	0.0	0.0	0.0	0.0	0.113907	0.0	0.0	0.0	0.136852	0.0	0.0	
hsa-mir-648	0.0	0.0	0.0	0.0	0.0	0.0	0.0	0.0	0.0	0.0	0.0	0.0	
hsa-mir-4315-2	0.0	0.0	0.0	0.0	0.0	0.0	0.0	0.0	0.0	0.0	0.0	0.0	
hsa-mir-4278	0.0	0.0	0.0	0.0	0.0	0.0	0.0	0.0	0.0	0.0	0.0	0.0	
hsa-mir-644	0.0	0.0	0.0	0.0	0.0	0.0	0.0	0.0	0.0	0.0	0.0	0.0	
hsa-mir-934	0.03002	73.511899	1.539689	0.664765	0.48541	0.227814	12.216317	2.690532	1.643323	0.0	1.82657	0.03777	
hsa-mir-1285-2	0.0	0.0	0.0	0.0	0.0	0.0	0.0	0.0	0.0	0.0	0.0	0.0	
hsa-mir-3914-1	0.03002	0.0	0.0	0.0	0.0	0.0	0.0	0.0	0.0	0.136852	0.0	0.07554	
hsa-mir-99a	171.534115	778.321364	1773.959137	405.506647	1669.323475	964.109146	166.094927	188.636208	563.769186	608.307385	1304.577162	2459.880768	
hsa-mir-4291	0.0	0.0	0.0	0.0	0.0	0.0	0.0	0.0	0.0	0.0	0.0	0.0	
hsa-mir-2909	0.0	0.0	0.0	0.0	0.0	0.0	0.0	0.0	0.0	0.0	0.0	0.0	
hsa-mir-4324	0.0	0.0	0.0	0.0	0.0	0.0	0.0	0.0	0.0	0.0	0.0	0.0	
hsa-mir-4266	0.0	0.0	0.0	0.0	0.0	0.0	0.0	0.0	0.0	0.0	0.0	0.0	
hsa-mir-567	0.0	0.0	0.0	0.0	0.0	0.0	0.0	0.0	0.0	0.0	0.0	0.0	
hsa-mir-181b-2	0.0	3.845238	1.065939	0.0	5.339505	1.594698	1.174646	0.0	0.109555	0.273704	14.206659	1.435258	
hsa-mir-1913	0.0	0.0	0.0	0.0	0.0	0.0	0.0	0.0	0.0	0.0	0.0	0.0	
hsa-mir-2117	0.0	0.0	0.0	0.0	0.0	0.0	0.0	0.0	0.0	0.0	0.202952	0.0	
hsa-mir-1257	0.0	0.0	0.118438	0.0	0.0	0.0	0.0	0.0	0.0	0.0	0.0	0.0	
hsa-mir-892a	0.0	0.0	0.0	0.0	0.0	3.986746	0.0	11.658973	0.0	0.0	0.0	0.0	
hsa-mir-182	109.993174	29320.164223	1889.672722	3918.124884	4640.029979	1192.720566	22431.742503	46188.965649	9670.076707	6559.592706	9766.063012	342.308982	
hsa-mir-9-3	0.0	0.22619	0.0	0.0	0.0	0.0	0.0	0.0	0.0	0.0	0.0	0.0	
hsa-mir-383	0.24016	0.452381	0.118438	1.994295	0.0	0.0	0.0	0.298948	0.0	1.231668	0.0	6.79859	
hsa-mir-578	0.03002	0.0	0.0	0.0	0.0	0.0	0.0	1.195792	0.109555	0.136852	0.0	0.07554	
hsa-mir-1323	0.0	0.0	0.0	0.0	0.0	0.0	0.0	0.0	0.0	0.0	0.0	0.0	
hsa-mir-374b	39.806482	73.285708	69.996652	33.23825	33.978669	60.256822	57.557648	43.646413	47.656354	101.681077	102.490894	40.527148	
hsa-mir-642a	0.0	3.845238	1.065939	2.65906	0.48541	0.683442	0.0	0.597896	0.547774	2.189633	0.0	0.18885	
hsa-mir-625	11.587709	77.809517	233.677486	358.973098	182.513994	28.248945	330.78028	167.410898	39.330186	690.418618	74.483481	48.760995	
hsa-mir-208a	0.0	0.0	0.0	0.0	0.0	0.0	0.0	0.0	0.0	0.0	0.0	0.0	
hsa-mir-3185	0.0	0.0	0.0	0.0	0.0	0.0	0.0	0.0	0.109555	0.0	0.0	0.0	
hsa-mir-4323	0.0	0.0	0.0	0.0	0.0	0.0	0.0	0.0	0.0	0.0	0.0	0.0	
hsa-mir-548k	0.0	0.22619	0.0	0.0	0.0	0.113907	0.704788	0.0	0.109555	0.0	0.405905	0.03777	
hsa-mir-3194	0.0	0.452381	0.0	0.0	0.48541	0.0	0.0	0.0	0.0	0.0	0.202952	0.07554	
hsa-mir-181a-1	40.797141	3859.261583	993.573455	3263.331363	1268.375179	1463.363682	1486.161967	1055.884448	121.058094	406.040048	3735.945302	615.687821	
hsa-mir-1255b-2	0.0	0.0	0.0	0.0	0.0	0.0	0.0	0.0	0.0	0.0	0.0	0.0	
hsa-mir-187	10.65709	20.583332	2.131878	43.209725	50.482594	60.256822	8.927309	4.783169	0.766884	4.379266	5.073807	6.5342	
hsa-mir-4273	0.0	0.0	0.0	0.0	0.0	0.0	0.0	0.0	0.0	0.0	0.0	0.0	
hsa-mir-3913-2	0.0	0.0	0.0	0.0	0.48541	0.0	0.0	0.0	0.0	0.0	0.0	0.0	
hsa-mir-126	105.400118	845.72612	751.013145	822.3143	6291.3933	5492.825053	630.784837	2219.09124	274.434864	2717.744963	2491.036106	2244.780949	
hsa-mir-147b	0.0	1.583333	1.895002	3.323825	1.456229	0.0	5.168442	2.690532	0.0	2.189633	2.841332	0.03777	
hsa-mir-526a-1	0.0	0.0	0.0	0.0	0.0	0.0	0.0	0.0	0.0	0.0	0.0	0.0	
hsa-mir-140	132.147913	2574.499785	920.378986	1522.976605	2024.157863	1206.047689	695.62529	615.832945	282.213257	801.542487	691.458368	1272.809268	
hsa-mir-550a-2	0.06004	1.809524	2.960941	0.664765	6.795734	2.278141	2.584221	5.680013	0.328665	3.421301	3.653141	0.642089	
hsa-mir-433	0.09006	0.678571	1.776565	0.0	0.0	1.025163	0.469858	0.0	0.438219	0.68426	0.0	0.982018	
hsa-mir-379	107.891776	222.7976	979.834687	1056.976343	33.978669	254.35441	551.378776	533.622237	342.030198	826.723265	82.195667	467.28972	
hsa-mir-1262	0.570379	0.22619	0.236875	0.0	0.970819	0.455628	0.234929	1.195792	0.438219	0.547408	0.608857	0.604319	
hsa-mir-1470	0.0	0.0	0.0	0.0	0.0	0.0	0.0	0.0	0.0	0.0	0.0	0.0	
hsa-mir-570	0.0	0.678571	0.236875	0.664765	0.48541	0.341721	0.0	2.391584	0.328665	0.273704	0.811809	0.03777	
hsa-mir-3156-3	0.0	0.0	0.0	0.0	0.0	0.0	0.0	0.0	0.0	0.0	0.0	0.0	
hsa-mir-3676	0.570379	13.119047	3.316254	22.60201	8.737372	12.985402	175.727024	11.061077	3.17709	14.095762	3.653141	1.812957	
hsa-mir-425	8.975971	135.261893	46.072246	701.32707	83.005035	51.941608	52.624135	289.680643	78.989037	265.492987	45.867212	16.958704	
hsa-mir-4271	0.0	0.0	0.0	0.0	0.0	0.0	0.0	0.0	0.0	0.0	0.0	0.0	
hsa-mir-181d	3.902596	73.738089	19.423775	16.619125	11.16442	6.948329	25.137422	7.772649	7.997503	10.811312	66.974248	23.832833	
hsa-mir-141	1.080719	6137.90425	437.508683	501.897572	3.397867	103.199774	439.787417	1642.121539	333.594476	640.741322	1204.318743	34.257337	
hsa-mir-342	5.913934	60.845233	85.985735	595.629436	233.481998	29.843643	30.775722	112.703408	24.540283	116.734803	47.084926	34.144027	
hsa-mir-1284	0.12008	0.452381	0.0	0.664765	0.48541	0.0	0.0	0.896844	0.0	0.136852	0.202952	0.07554	
hsa-mir-127	103.80906	387.238063	1845.258603	2252.88857	73.782253	436.036131	699.854015	406.868271	250.3328	1307.073979	94.575756	521.074117	
hsa-mir-665	0.0	0.452381	0.592188	0.0	0.0	0.113907	0.0	0.0	0.0	0.273704	0.0	0.30216	
hsa-mir-331	1.891258	38.678568	26.174721	38.55637	100.965188	18.111219	33.829801	48.728529	5.039522	22.717441	26.789699	8.989246	
hsa-mir-3940	0.03002	1.357143	0.710626	1.32953	1.456229	0.113907	1.174646	1.195792	0.109555	0.547408	0.608857	0.0	
hsa-mir-3196	0.0	0.0	0.0	0.0	0.0	0.0	0.0	0.298948	0.0	0.0	0.0	0.0	
hsa-mir-3169	0.0	0.0	0.0	0.0	0.0	0.0	0.0	0.0	0.0	0.0	0.0	0.0	
hsa-mir-2113	0.0	0.0	0.0	0.0	0.0	0.0	0.0	0.0	0.0	0.0	0.0	0.0	
hsa-mir-3683	0.0	0.0	0.0	0.0	0.0	0.0	0.0	0.0	0.0	0.0	0.0	0.0	
hsa-mir-1279	0.0	0.0	0.0	0.0	0.0	0.0	0.0	0.0	0.0	0.0	0.0	0.0	
hsa-mir-629	3.152097	98.619039	111.094517	92.402334	97.567321	13.554937	129.211047	254.105827	23.55429	48.58248	75.092338	11.708682	
hsa-mir-3923	0.03002	0.0	0.0	0.0	0.0	0.0	0.0	1.195792	0.0	0.0	0.0	0.03777	
hsa-mir-4304	0.0	0.0	0.0	0.0	0.0	0.0	0.0	0.0	0.0	0.0	0.0	0.0	
hsa-mir-320d-2	0.0	1.809524	0.710626	0.664765	0.48541	0.797349	0.469858	0.597896	0.328665	0.547408	0.405905	0.22662	
hsa-mir-495	0.900599	1.130952	7.343134	9.30671	0.970819	1.252977	2.584221	1.195792	3.505755	14.232614	0.405905	3.776994	
hsa-let-7a-2	3136.696719	21701.164858	12197.538368	7534.44646	13481.279695	12891.998247	27885.388392	13183.907149	7623.811481	5358.305366	26648.647212	9359.844811	
hsa-mir-1248	0.48032	1.130952	0.473751	0.664765	0.48541	1.025163	1.644504	2.98948	0.328665	0.136852	0.202952	0.30216	
hsa-let-7g	78.111965	693.273752	332.809799	350.331153	811.119374	708.046131	734.623533	350.068145	174.411299	517.711325	931.956803	226.581881	
hsa-mir-2053	0.0	0.0	0.0	0.0	0.0	0.0	0.0	0.0	0.0	0.0	0.0	0.0	
hsa-mir-3180-1	0.0	0.0	0.0	0.0	0.0	0.0	0.0	0.0	0.0	0.0	0.0	0.0	
hsa-mir-190b	0.0	0.904762	0.118438	0.0	0.0	0.227814	0.0	0.0	0.109555	0.136852	0.0	0.11331	
hsa-mir-3611	0.0	0.0	0.118438	0.0	0.48541	0.0	0.0	0.0	0.0	0.0	0.0	0.0	
hsa-mir-4329	0.0	0.0	0.0	0.0	0.0	0.0	0.0	0.0	0.0	0.0	0.0	0.0	
hsa-mir-589	4.352896	68.761899	30.320039	81.766094	37.376536	25.173455	69.304107	50.821165	10.626819	25.865038	32.472362	9.782415	
hsa-mir-221	55.476907	348.785685	496.253758	763.81498	151.933192	72.444874	433.44433	252.312139	66.499785	250.849817	2264.74433	229.981175	
hsa-mir-3680	0.06004	0.0	0.118438	1.32953	0.0	0.0	0.0	0.0	0.0	0.410556	0.0	0.03777	
hsa-mir-3144	0.0	0.0	0.0	0.0	0.0	0.0	0.0	0.298948	0.0	0.136852	0.0	0.0	
hsa-mir-3612	0.0	0.0	0.0	0.0	0.0	0.0	0.0	0.0	0.0	0.0	0.0	0.03777	
hsa-mir-4253	0.0	0.0	0.0	0.0	0.0	0.0	0.0	0.0	0.0	0.0	0.0	0.0	
hsa-mir-153-1	0.03002	0.22619	0.829064	0.664765	1.456229	0.455628	1.409575	0.298948	0.766884	5.33723	0.405905	1.170868	
hsa-mir-492	0.0	0.0	0.0	0.0	0.0	0.0	0.0	0.0	0.0	0.0	0.0	0.0	
hsa-mir-4320	0.0	0.22619	0.0	0.0	0.0	0.0	0.0	0.0	0.0	0.0	0.0	0.0	
hsa-mir-26a-2	495.929922	3625.38065	1804.397614	2427.056999	1316.916135	2398.996069	3315.790389	1626.576241	1429.361945	2505.076869	4983.086973	1227.863037	
hsa-mir-875	0.0	0.0	0.0	0.0	0.0	0.0	0.0	0.0	0.0	0.0	0.0	0.0	
hsa-mir-593	0.0	0.0	0.0	0.0	0.0	0.0	0.0	0.0	0.0	0.0	0.0	0.0	
hsa-mir-525	0.0	1.130952	0.118438	0.0	0.0	0.0	0.0	0.0	0.0	0.0	0.0	0.0	
hsa-mir-1224	0.03002	6.785714	0.0	0.0	0.0	0.113907	0.704788	1.195792	0.0	6.02149	0.202952	0.18885	
hsa-mir-3132	0.0	0.0	0.0	0.0	0.0	0.0	0.0	0.0	0.0	0.136852	0.0	0.03777	
hsa-mir-451	140.313345	30.083331	62.061329	473.977442	766.461694	554.841169	346.285605	200.893077	49.957005	1091.39514	208.229024	55.559584	
hsa-mir-1255a	0.0	1.130952	0.473751	0.0	0.48541	0.227814	0.0	2.391584	0.109555	0.547408	0.0	0.03777	
hsa-mir-302a	0.03002	0.0	0.0	0.0	0.0	0.0	0.0	0.0	0.0	0.0	0.0	0.0	
hsa-mir-548d-1	0.03002	0.452381	0.0	0.0	0.0	0.0	0.0	0.896844	0.0	0.0	0.0	0.0	
hsa-mir-3118-3	0.0	0.0	0.0	0.0	0.0	0.0	0.0	0.0	0.0	0.0	0.0	0.0	
hsa-mir-3117	0.0	1.357143	0.710626	3.323825	0.0	0.113907	0.234929	0.0	0.438219	0.0	0.202952	0.26439	
hsa-mir-1304	0.0	17.642856	0.236875	0.664765	0.0	0.113907	2.349292	2.391584	0.328665	0.410556	0.202952	0.11331	
hsa-mir-1827	0.03002	0.0	0.0	0.0	0.0	0.0	0.234929	0.0	0.0	0.0	0.0	0.0	
hsa-mir-924	0.0	0.0	0.0	0.0	0.0	0.0	0.0	0.0	0.0	0.0	0.0	0.0	
hsa-mir-2861	0.0	0.0	0.0	0.0	0.0	0.0	0.469858	0.0	0.0	0.0	0.0	0.0	
hsa-mir-3193	0.0	0.452381	0.118438	0.0	0.48541	0.227814	0.234929	4.48422	0.0	0.0	0.608857	0.11331	
hsa-mir-3671	0.0	0.0	0.0	0.0	0.0	0.0	0.0	0.0	0.0	0.0	0.0	0.0	
hsa-mir-941-3	0.0	0.0	0.0	0.0	0.0	0.0	0.0	0.0	0.0	0.0	0.0	0.0	
hsa-mir-515-2	0.0	0.678571	0.118438	0.0	0.0	0.0	0.0	0.0	0.0	0.0	0.0	0.0	
hsa-mir-936	0.0	0.0	0.0	0.0	0.0	0.0	0.0	0.0	0.0	0.0	0.0	0.0	
hsa-mir-3652	0.0	0.0	0.118438	1.994295	0.0	0.113907	2.349292	2.092636	0.657329	0.68426	3.450189	0.22662	
hsa-mir-3661	0.0	0.0	0.0	0.0	0.0	0.0	0.0	0.0	0.0	0.0	0.0	0.0	
hsa-mir-3916	0.0	0.0	0.0	0.0	0.0	0.0	0.0	0.0	0.0	0.0	0.0	0.0	
hsa-mir-596	0.0	0.0	0.0	0.0	0.0	0.0	0.0	0.0	0.0	0.0	0.0	0.0	
hsa-mir-1322	0.0	0.0	0.0	0.0	0.0	0.0	0.0	0.0	0.0	0.136852	0.0	0.0	
hsa-mir-4289	0.0	0.0	0.0	0.664765	0.0	0.0	1.409575	0.0	0.0	0.0	0.0	0.0	
hsa-mir-676	0.24016	1.357143	0.473751	0.0	0.970819	1.594698	0.469858	0.0	0.109555	0.68426	0.202952	0.339929	
hsa-mir-634	0.0	0.0	0.0	0.0	0.0	0.0	0.0	0.0	0.0	0.0	0.0	0.0	
hsa-mir-511-2	0.36024	6.333333	2.250315	30.57919	0.48541	0.911256	0.704788	10.762129	0.985994	6.568899	5.682663	0.377699	
hsa-mir-431	0.660439	4.75	12.672829	23.93154	0.48541	2.392048	6.343088	5.082117	1.752877	10.948164	1.217714	3.097135	
hsa-mir-302c	0.0	0.0	0.0	0.0	0.0	0.0	0.0	0.0	0.0	0.0	0.0	0.0	
hsa-mir-580	0.0	0.678571	0.355313	0.0	0.48541	0.683442	0.469858	0.298948	0.109555	0.0	0.202952	0.07554	
hsa-mir-3120	0.0	0.0	0.0	0.0	0.0	0.0	0.0	0.0	0.0	0.0	0.0	0.0	
hsa-mir-1183	0.0	0.0	0.0	0.0	0.0	0.0	0.0	0.0	0.0	0.0	0.0	0.0	
hsa-mir-326	2.221478	44.33333	16.344396	157.549304	28.639164	26.084711	67.659603	125.857121	27.279154	155.737639	26.383795	7.251829	
hsa-mir-34b	0.1501	2.035714	0.592188	0.664765	0.48541	0.0	2.81915	0.298948	0.328665	0.273704	0.0	1.397488	
hsa-mir-1302-5	0.0	0.0	0.0	0.0	0.0	0.0	0.0	0.0	0.0	0.0	0.0	0.0	
hsa-mir-624	0.12008	0.904762	0.947501	1.994295	0.48541	1.13907	1.174646	5.082117	0.328665	1.231668	2.029523	0.566549	
hsa-mir-551b	0.39026	6.333333	3.55313	1.32953	0.48541	2.392048	1.174646	1.195792	0.0	28.60208	18.874561	0.566549	
hsa-mir-4282	0.0	0.0	0.0	0.0	0.0	0.0	0.0	0.0	0.0	0.0	0.0	0.0	
hsa-mir-3937	0.0	0.0	0.0	0.0	0.48541	0.0	0.0	0.0	0.0	0.0	0.0	0.0	
hsa-mir-1292	0.03002	0.904762	0.0	0.664765	0.0	0.227814	0.234929	3.886324	0.328665	0.410556	0.0	0.11331	
hsa-mir-641	0.0	0.452381	0.236875	0.0	0.0	0.0	0.234929	0.597896	0.0	0.136852	0.202952	0.0	
hsa-mir-1252	0.0	0.22619	0.0	0.0	0.0	0.0	0.0	0.0	0.0	0.0	0.0	0.0	
hsa-mir-3945	0.0	0.0	0.0	0.0	0.0	0.0	0.0	0.0	0.0	0.0	0.0	0.0	
hsa-mir-128-1	7.444953	152.452368	54.836632	59.164085	50.968004	59.915101	114.880367	69.654891	18.624322	32.570789	48.505591	37.618862	
hsa-mir-33b	0.06004	9.72619	1.776565	0.664765	2.912457	2.278141	1.879433	8.071597	1.643323	1.231668	2.232475	0.491009	
hsa-mir-769	1.260839	48.857139	18.002523	31.243955	17.474744	10.251633	26.077139	50.522217	8.326168	12.042981	14.206659	7.100749	
hsa-mir-367	0.0	0.0	0.0	0.0	0.0	0.0	0.0	0.0	0.0	0.0	0.0	0.0	
hsa-mir-4276	0.0	0.0	0.0	0.0	0.0	0.0	0.0	0.0	0.0	0.0	0.0	0.0	
hsa-mir-569	0.0	0.0	0.0	0.0	0.0	0.0	0.0	0.0	0.0	0.0	0.0	0.0	
hsa-mir-635	0.0	0.0	0.0	0.0	0.0	0.0	0.0	0.0	0.0	0.0	0.0	0.0	
hsa-mir-133a-2	11.257489	0.0	2.487191	0.664765	0.0	0.455628	0.469858	0.298948	3.61531	27.917819	2.638379	4.456853	
hsa-mir-4292	0.0	0.0	0.0	0.0	0.0	0.0	0.0	0.0	0.0	0.0	0.0	0.0	
hsa-mir-106b	53.435549	775.607078	328.546044	864.194494	529.09642	159.014221	835.643079	1599.670918	178.136163	275.209483	191.181034	160.975492	
hsa-mir-558	0.0	0.0	0.0	0.0	0.0	0.0	0.0	0.0	0.0	0.0	0.0	0.0	
hsa-mir-940	0.03002	2.940476	3.079379	1.994295	1.941638	4.898003	0.704788	5.082117	1.205103	2.600189	0.811809	0.415469	
hsa-mir-1265	0.0	0.0	0.0	0.0	0.0	0.0	0.0	0.0	0.0	0.136852	0.0	0.03777	
hsa-mir-513b	0.0	0.0	0.0	0.0	0.0	0.113907	0.0	0.0	0.0	0.0	0.0	0.0	
hsa-mir-1972-1	0.0	0.0	0.0	0.0	0.0	0.0	0.0	0.0	0.0	0.0	0.0	0.0	
hsa-mir-765	0.03002	0.0	0.118438	0.0	0.0	0.683442	0.0	0.298948	0.0	0.136852	0.405905	0.0	
hsa-mir-1915	0.0	0.0	0.0	0.0	0.0	0.0	0.0	0.597896	0.0	0.0	0.0	0.0	
hsa-mir-520e	0.03002	0.0	0.0	0.0	0.0	0.0	0.0	0.0	0.0	0.0	0.0	0.03777	
hsa-mir-610	0.0	0.0	0.0	0.0	0.0	0.0	0.0	0.0	0.0	0.0	0.0	0.0	
hsa-mir-1202	0.0	0.0	0.0	0.0	0.0	0.0	0.0	0.0	0.0	0.0	0.0	0.0	
hsa-mir-650	0.0	0.0	0.0	0.0	0.0	0.0	0.0	0.0	0.0	0.0	0.0	0.0	
hsa-mir-616	0.06004	7.464285	0.355313	1.994295	5.824915	1.025163	0.704788	3.886324	0.0	0.547408	0.608857	0.528779	
hsa-mir-374c	0.12008	0.0	0.236875	0.0	0.48541	0.0	0.0	0.0	0.109555	0.136852	0.0	0.0	
hsa-mir-1255b-1	0.0	0.0	0.0	0.0	0.0	0.0	0.0	0.0	0.0	0.0	0.0	0.0	
hsa-mir-15a	7.144753	119.428561	90.486365	139.600649	178.630718	63.332312	62.72609	106.724447	26.293161	47.077107	114.465078	18.469502	
hsa-mir-4264	0.0	0.0	0.0	0.0	0.0	0.0	0.0	0.0	0.0	0.0	0.0	0.0	
hsa-mir-3166	0.0	0.0	0.0	0.664765	0.0	0.0	0.234929	0.0	0.0	0.0	0.0	0.03777	
hsa-mir-1206	0.0	0.0	0.0	0.0	0.0	0.0	0.0	0.0	0.0	0.0	0.0	0.0	
hsa-mir-639	0.0	0.678571	0.0	0.664765	0.48541	0.113907	1.174646	0.0	0.0	0.410556	2.029523	0.18885	
hsa-mir-3678	0.03002	0.678571	0.473751	0.0	0.48541	0.227814	0.939717	3.587376	0.0	1.094816	0.0	0.11331	
hsa-mir-138-2	0.03002	6.333333	0.473751	0.664765	1.941638	5.239724	3.758867	0.298948	0.109555	0.410556	16.236181	0.03777	
hsa-mir-497	5.163435	37.773806	44.414119	48.527845	56.792918	24.60392	13.156034	10.463181	11.284148	65.552134	9.538756	54.426486	
hsa-mir-888	0.0	0.0	0.0	0.0	0.0	2.961583	0.0	2.98948	0.0	0.0	0.0	0.0	
hsa-mir-3182	0.0	0.0	0.0	0.0	0.0	0.0	0.0	0.0	0.0	0.0	0.0	0.0	
hsa-mir-9-1	43.919218	4227.725838	254.404074	38.55637	632.003246	127.689786	51.919348	4506.940527	55.106082	359.236645	28.819222	718.082133	
hsa-mir-143	917806.880205	62356.18528	280914.802942	72425.481506	49087.52711	119004.94459	247262.487778	83907.537765	739053.636843	461394.103674	204716.935372	460870.075933	
hsa-mir-4313	0.0	0.0	0.0	0.0	0.0	0.0	0.0	0.0	0.0	0.0	0.0	0.0	
hsa-mir-3934	0.12008	4.071428	1.302814	4.653355	1.456229	0.113907	7.282804	3.886324	0.0	1.505373	6.088568	0.07554	
hsa-mir-3188	0.0	0.452381	0.0	0.0	0.0	0.113907	0.939717	0.597896	0.0	0.273704	0.0	0.0	
hsa-mir-329-2	0.03002	0.0	0.236875	1.32953	0.0	0.113907	0.0	0.0	0.109555	0.136852	0.0	0.22662	
hsa-mir-92a-1	2.761837	127.571418	35.175982	47.198315	106.304694	22.439686	47.220764	90.282306	33.08556	35.99209	26.586747	15.485676	
hsa-mir-877	0.09006	5.428571	0.829064	5.31812	1.456229	2.050327	8.45745	8.071597	0.21911	0.410556	1.82657	0.22662	
hsa-mir-591	0.0	0.0	0.0	0.0	0.0	0.0	0.0	0.0	0.0	0.0	0.0	0.0	
hsa-mir-320a	98.795725	458.714247	332.691362	834.944834	701.902223	257.771621	562.420447	821.210243	199.280247	737.906281	411.790147	266.0137	
hsa-mir-137	0.03002	4.297619	0.236875	0.0	0.0	0.0	0.0	0.0	0.0	0.136852	0.405905	0.11331	
hsa-mir-3143	0.0	0.22619	0.0	0.0	0.0	0.0	0.234929	0.298948	0.0	0.0	0.0	0.0	
hsa-mir-759	0.0	0.0	0.0	0.0	0.0	0.0	0.0	0.0	0.0	0.0	0.0	0.0	
hsa-mir-4330	0.0	0.0	0.0	0.0	0.0	0.0	0.0	0.0	0.0	0.0	0.0	0.0	
hsa-mir-1179	0.0	0.0	0.118438	0.0	0.0	0.0	0.0	0.298948	0.109555	0.273704	1.420666	0.18885	
hsa-let-7c	1105.215256	1783.285566	3594.701147	1003.130378	2875.56623	2082.676232	869.942738	839.745021	2391.034295	810.43787	5583.01387	3327.4941	
hsa-mir-133b	45.900536	1.357143	7.461572	3.323825	0.0	2.505955	1.879433	0.896844	17.966993	108.52368	12.380088	19.45152	
hsa-mir-587	0.0	0.0	0.0	0.0	0.0	0.0	0.0	0.0	0.0	0.0	0.0	0.0	
hsa-mir-378b	0.33022	0.22619	0.118438	2.65906	0.0	1.252977	0.469858	0.0	0.0	1.094816	0.202952	0.22662	
hsa-mir-887	0.540359	2.714285	4.02688	2.65906	3.883276	1.594698	0.939717	2.690532	0.766884	7.937419	0.811809	6.987439	
hsa-mir-3198	0.0	0.0	0.0	0.664765	0.48541	0.0	0.234929	0.0	0.0	0.0	0.0	0.0	
hsa-mir-602	0.0	0.0	0.0	0.0	0.0	0.0	0.0	0.0	0.0	0.0	0.0	0.0	
hsa-mir-663	0.0	0.0	0.118438	0.0	0.0	0.0	0.469858	0.298948	0.109555	0.0	0.0	0.03777	
hsa-mir-146b	33.892547	595.107093	535.693496	1303.604156	1908.144978	162.773153	2428.93275	886.081966	88.958527	183.381754	20168.381377	215.250898	
hsa-mir-517c	0.0	0.0	0.0	0.0	0.0	0.0	0.0	0.0	0.0	0.0	0.0	0.0	
hsa-mir-3201	0.0	0.0	0.0	0.0	0.0	0.0	0.0	0.0	0.0	0.0	0.0	0.0	
hsa-mir-618	0.12008	0.0	0.118438	0.0	1.456229	0.797349	0.234929	1.793688	0.0	0.136852	0.202952	0.22662	
hsa-mir-575	0.0	0.0	0.0	0.0	0.0	0.0	0.0	0.0	0.0	0.0	0.0	0.0	
hsa-mir-450b	1.921278	10.178571	10.0672	7.312415	34.464079	16.744334	10.571813	6.277909	0.547774	2.600189	32.472362	14.465888	
hsa-mir-3662	0.03002	0.0	0.236875	0.0	0.0	0.0	0.0	0.0	0.0	0.136852	0.0	0.0	
hsa-mir-125a	125.393419	802.071362	407.543957	308.450958	1018.874665	745.521546	290.84232	283.701682	135.300222	572.725851	1025.923702	508.534496	
hsa-mir-488	0.0	0.452381	0.0	0.0	0.0	0.0	0.0	0.0	0.0	0.821112	0.0	2.983825	
hsa-mir-548p	0.0	0.0	0.0	0.0	0.0	0.0	0.0	0.0	0.0	0.0	0.0	0.0	
hsa-mir-3620	0.0	0.678571	0.0	0.0	0.0	0.113907	0.0	3.288428	0.0	0.136852	0.202952	0.07554	
hsa-mir-1237	0.03002	0.904762	0.118438	0.664765	0.970819	0.0	0.0	0.0	0.0	0.410556	0.0	0.0	
hsa-mir-3202-2	0.0	0.0	0.0	0.0	0.0	0.113907	0.0	0.0	0.109555	0.0	0.0	0.03777	
hsa-mir-921	0.0	0.0	0.0	0.0	0.0	0.0	0.0	0.0	0.0	0.0	0.0	0.0	
hsa-mir-3135	0.06004	0.0	0.0	0.0	0.0	0.113907	0.0	0.0	0.109555	0.0	0.0	0.03777	
hsa-mir-196b	40.346841	454.86901	732.773747	18.61342	109.70256	348.555528	2.349292	262.177424	189.091647	93.469954	5.885616	2590.073757	
hsa-mir-630	0.0	0.0	0.0	0.0	0.0	0.0	0.0	0.0	0.0	0.0	0.0	0.0	
hsa-mir-218-2	22.394898	45.464282	40.742552	41.21543	11.649829	109.578568	38.293456	35.574816	16.433225	50.361556	87.269474	43.662053	
hsa-mir-185	5.043355	100.202373	41.33474	79.771799	70.869796	32.805226	67.424673	69.056995	8.764387	21.212069	75.29529	9.555795	
hsa-mir-518a-2	0.0	0.22619	0.0	0.0	0.0	0.0	0.0	0.0	0.0	0.0	0.0	0.0	
hsa-mir-19b-1	0.06004	17.642856	5.921883	3.323825	1.941638	2.619862	3.523938	5.978961	0.985994	2.600189	2.232475	1.812957	
hsa-mir-3151	0.0	0.0	0.0	0.0	0.0	0.0	0.0	0.298948	0.0	0.0	0.0	0.0	
hsa-mir-3177	0.0	0.22619	0.0	0.0	0.0	0.0	0.234929	0.0	0.0	0.0	0.0	0.03777	
hsa-mir-1306	1.110739	17.416665	4.02688	7.97718	10.67901	5.467538	6.812946	9.267389	2.191097	5.747786	9.335804	2.908286	
hsa-mir-3918	0.0	0.0	0.0	0.0	0.0	0.0	0.0	0.298948	0.0	0.0	0.0	0.0	
hsa-mir-208b	0.0	0.0	0.0	0.0	0.0	0.0	0.0	0.0	0.0	0.0	0.0	0.0	
hsa-mir-147	0.0	0.0	0.0	0.0	0.0	0.0	0.0	0.0	0.0	0.0	0.0	0.0	
hsa-mir-563	0.0	0.0	0.0	0.0	0.0	0.0	0.0	0.0	0.0	0.0	0.0	0.0	
hsa-mir-1226	0.3002	2.940476	0.710626	1.32953	1.941638	1.480791	3.054079	10.164233	0.547774	2.600189	1.623618	0.415469	
hsa-mir-340	5.583715	32.571426	12.199078	18.61342	36.405717	13.668844	30.775722	18.534778	13.694354	12.179833	17.859799	6.68528	
hsa-mir-3622a	0.1501	3.166666	0.592188	0.0	0.0	0.0	0.234929	0.0	0.109555	0.0	1.420666	0.830939	
hsa-mir-1307	32.511629	1803.868897	476.00092	2621.833143	1579.037297	1187.480842	1256.166304	1961.696984	141.983067	489.519801	488.506103	154.101362	
hsa-mir-656	0.0	0.22619	1.184377	2.65906	0.48541	0.113907	0.0	0.896844	0.328665	0.273704	0.0	0.22662	
hsa-mir-320c-1	0.06004	1.809524	0.0	0.0	0.970819	0.0	1.174646	0.597896	0.657329	0.410556	0.405905	0.11331	
hsa-mir-29b-2	28.368873	333.178544	162.970208	208.071444	221.346759	306.637739	281.445153	202.985714	60.25516	468.991993	833.11905	58.958879	
hsa-mir-3935	0.0	0.0	0.0	0.0	0.0	0.0	0.0	0.0	0.0	0.0	0.0	0.0	
hsa-mir-3664	0.0	1.583333	0.118438	0.0	1.456229	0.455628	0.0	0.896844	0.328665	0.0	0.0	0.0	
hsa-mir-3179-2	0.0	0.0	0.0	0.0	0.0	0.0	0.0	0.0	0.0	0.0	0.202952	0.0	
hsa-mir-585	0.48032	1.130952	0.236875	0.0	0.0	0.341721	0.234929	0.0	0.0	0.821112	0.608857	0.30216	
hsa-mir-1289-1	0.0	0.0	0.0	0.0	0.0	0.0	0.0	0.0	0.0	0.0	0.0	0.0	
hsa-mir-548f-2	0.0	0.0	0.0	0.0	0.0	0.0	0.0	0.0	0.0	0.0	0.0	0.0	
hsa-mir-601	0.0	0.0	0.0	0.0	0.0	0.0	0.0	0.0	0.0	0.0	0.0	0.0	
hsa-mir-148b	33.112028	297.440451	160.956768	204.082854	735.880892	342.632362	284.734161	600.586596	91.478288	219.784401	776.292415	73.198147	
hsa-mir-941-1	0.0	0.0	0.0	0.0	0.0	0.0	0.0	0.0	0.0	0.0	0.0	0.0	
hsa-mir-30a	4708.422325	74255.83905	4025.458884	4879.375068	130413.530112	240944.817851	28733.952575	21567.007856	8946.905235	21106.418758	86311.53944	14420.601539	
hsa-mir-548i-2	0.0	0.0	0.0	0.0	0.0	0.0	0.0	0.0	0.0	0.0	0.0	0.0	
hsa-mir-302e	0.0	0.0	0.0	0.0	0.0	0.0	0.0	0.0	0.0	0.0	0.0	0.0	
hsa-mir-1324	0.0	0.0	0.0	0.0	0.0	0.0	0.0	0.0	0.0	0.0	0.0	0.0	
hsa-mir-1290	0.0	0.0	0.0	0.0	0.0	0.0	0.0	0.0	0.109555	0.0	0.0	0.0	
hsa-mir-1538	0.0	0.22619	0.118438	1.32953	0.0	0.0	0.469858	0.597896	0.109555	0.273704	0.0	0.07554	
hsa-let-7f-2	3585.075007	6875.511332	6770.60676	4324.961061	12073.591972	10754.418824	20846.440424	13510.3584	5664.20413	3277.059312	34675.815214	3696.015422	
hsa-mir-3647	0.09006	6.559523	3.790005	2.65906	8.737372	9.796005	4.698584	1.49474	1.205103	10.127052	2.638379	0.755399	
hsa-mir-1283-2	0.0	0.452381	0.0	0.664765	0.0	0.0	0.0	0.0	0.0	0.0	0.0	0.0	
hsa-mir-550b-1	0.0	0.0	0.0	0.0	0.0	0.0	0.0	0.0	0.0	0.0	0.202952	0.0	
hsa-mir-663b	0.0	0.0	0.0	0.0	0.0	0.0	0.0	0.0	0.109555	0.0	0.0	0.0	
hsa-mir-4274	0.0	0.0	0.0	0.0	0.0	0.0	0.0	0.0	0.0	0.0	0.0	0.0	
hsa-mir-1299	0.0	0.0	0.0	0.0	0.0	0.0	0.0	0.0	0.0	0.0	0.0	0.0	
hsa-mir-4256	0.0	0.0	0.0	0.0	0.0	0.0	0.0	0.0	0.0	0.0	0.0	0.0	
hsa-mir-608	0.0	0.0	0.0	0.0	0.0	0.0	0.0	0.0	0.0	0.0	0.0	0.0	
hsa-mir-1184-1	0.0	0.0	0.0	0.0	0.0	0.0	0.0	0.0	0.0	0.0	0.0	0.0	
hsa-mir-101-2	0.600399	1.357143	1.302814	1.994295	2.912457	1.93642	2.584221	1.195792	0.438219	0.410556	2.841332	1.284178	
hsa-mir-1471	0.0	0.0	0.0	0.0	0.0	0.0	0.0	0.0	0.0	0.0	0.0	0.0	
hsa-mir-328	6.334214	85.952374	11.725327	24.596305	144.166639	73.242224	22.553201	12.256869	7.449729	38.181723	80.166145	28.516306	
hsa-mir-3122	0.0	0.0	0.0	0.0	0.0	0.0	0.0	0.0	0.0	0.0	0.0	0.0	
hsa-mir-320b-2	11.647749	64.46428	34.465356	130.293939	41.259813	35.994623	116.7598	106.724447	31.223128	113.17665	59.465014	26.665579	
hsa-mir-938	0.0	0.0	0.0	0.0	0.0	0.0	0.0	0.0	0.109555	0.0	0.0	0.0	
hsa-mir-1302-8	0.0	0.0	0.0	0.0	0.0	0.0	0.0	0.0	0.0	0.0	0.0	0.0	
hsa-mir-210	0.630419	524.988051	128.031101	237.985868	5497.74867	57.523053	97.495608	626.595075	45.027038	96.070143	11.771231	33.766328	
hsa-mir-214	5.523675	53.380948	89.657302	56.505025	2.912457	14.466193	16.914901	13.751609	5.149077	22.443737	6.088568	17.223093	
hsa-mir-514b	0.0	0.0	0.118438	0.0	0.0	1.480791	0.0	0.0	0.0	0.0	0.0	0.03777	
hsa-mir-216a	0.03002	2.035714	0.473751	0.0	0.0	6.606608	1.644504	0.597896	0.109555	0.821112	0.608857	0.26439	
hsa-mir-3687	0.0	0.904762	0.473751	3.323825	0.0	0.341721	2.81915	1.793688	1.971987	0.136852	0.202952	0.22662	
hsa-mir-516b-1	0.0	0.22619	0.0	0.0	0.0	0.0	0.0	0.0	0.0	0.0	0.0	0.0	
hsa-mir-573	0.0	0.0	0.0	0.0	0.0	0.0	0.0	0.0	0.0	0.0	0.0	0.0	
hsa-mir-376c	0.780519	0.678571	11.60689	12.630535	0.0	2.050327	0.704788	2.092636	2.300652	10.948164	0.608857	2.681666	
hsa-mir-944	0.06004	0.678571	37.781611	146.248299	0.0	0.341721	0.469858	7.473701	2.300652	0.136852	0.608857	0.11331	
hsa-mir-4284	0.0	0.0	0.0	0.0	0.0	0.0	0.0	0.0	0.0	0.0	0.0	0.15108	
hsa-mir-422a	0.03002	0.0	0.118438	0.0	0.0	0.0	0.0	0.0	0.0	0.0	0.0	0.0	
hsa-mir-27a	142.144563	5125.249573	2243.919737	2320.6946	1326.138916	616.123154	2121.645388	2074.400392	414.007725	1162.147652	1909.577865	554.727135	
hsa-mir-124-3	0.0	0.0	0.0	0.0	0.0	0.455628	0.0	0.0	0.0	0.136852	0.0	0.0	
hsa-mir-767	0.0	4.75	0.355313	0.664765	0.0	0.0	0.0	1.49474	0.0	0.0	0.0	0.26439	
hsa-mir-526b	0.0	2.261905	0.0	0.0	0.0	0.0	0.0	0.0	0.0	0.0	0.0	0.03777	
hsa-mir-27b	678.511386	2380.654564	3225.649426	1253.082017	1421.27919	2348.193531	4820.51176	1337.493494	1268.316336	2448.830674	3002.06991	2953.722757	
hsa-mir-942	0.21014	9.72619	7.224697	9.30671	6.310324	0.569535	3.758867	14.050557	0.657329	6.158342	1.217714	0.755399	
hsa-mir-3942	0.0	0.0	0.236875	0.0	0.0	0.341721	1.174646	0.0	0.0	0.136852	0.0	0.03777	
hsa-mir-3685	0.0	0.0	0.0	0.0	0.0	0.0	0.0	0.0	0.0	0.0	0.0	0.0	
hsa-mir-362	1.170779	24.428569	7.106259	5.31812	26.212116	30.982714	7.282804	8.968441	1.971987	9.716496	2.841332	19.26267	
hsa-mir-372	0.0	0.0	0.0	0.664765	0.0	0.227814	0.0	0.0	0.0	0.136852	0.202952	0.30216	
hsa-mir-1910	0.0	0.22619	0.0	0.664765	0.48541	0.227814	1.409575	7.772649	0.0	0.0	0.202952	0.0	
hsa-mir-3618	0.0	1.130952	0.118438	0.0	0.0	0.0	0.0	0.896844	0.438219	0.0	0.0	0.0	
hsa-mir-219-1	0.18012	2.940476	3.434692	1.994295	0.970819	1.594698	3.054079	1.195792	0.876439	1.094816	2.841332	0.982018	
hsa-mir-3158-2	0.0	0.452381	0.118438	0.0	0.0	0.227814	0.469858	0.0	0.21911	0.136852	0.608857	0.18885	
hsa-mir-3170	0.0	0.904762	0.236875	0.664765	6.310324	1.13907	0.704788	8.669493	0.328665	0.410556	0.405905	0.30216	
hsa-mir-4255	0.0	0.0	0.0	0.0	0.0	0.0	0.0	0.0	0.0	0.0	0.0	0.0	
hsa-mir-4301	0.0	0.0	0.0	0.0	0.0	0.0	0.0	0.0	0.0	0.0	0.0	0.0	
hsa-mir-505	4.172776	66.726185	30.438476	39.221135	63.103243	44.879372	39.93796	19.132674	7.778393	57.204159	24.354272	9.404716	
hsa-mir-4306	0.0	0.22619	0.0	0.0	0.48541	0.113907	0.234929	0.298948	0.109555	0.0	0.811809	0.0	
hsa-mir-653	0.09006	6.333333	3.55313	1.994295	5.339505	40.436998	3.289008	6.576857	0.21911	1.231668	2.638379	1.510798	
hsa-mir-637	0.0	0.0	0.0	0.0	0.0	0.0	0.0	0.0	0.0	0.0	0.0	0.0	
hsa-mir-744	2.881917	58.357138	24.753469	33.903015	35.920307	46.246256	66.250028	229.29314	13.475245	27.507263	84.631095	15.221287	
hsa-mir-411	0.930619	4.071428	10.185638	5.31812	0.0	5.01191	8.222521	3.587376	4.163084	12.316685	1.217714	3.097135	
hsa-mir-548b	0.12008	4.071428	0.355313	0.664765	0.0	0.455628	0.234929	0.298948	0.109555	0.136852	0.811809	0.15108	
hsa-mir-3607	0.24016	20.809522	6.987821	6.64765	131.060581	329.191332	13.860821	5.680013	3.17709	84.164014	32.066458	11.217673	
hsa-mir-4294	0.0	0.0	0.0	0.0	0.0	0.0	0.0	0.0	0.0	0.0	0.0	0.0	
hsa-mir-1204	0.0	0.0	0.0	0.0	0.0	0.0	0.0	0.0	0.0	0.0	0.0	0.0	
hsa-mir-671	0.1501	10.857142	4.737506	12.630535	7.766553	2.392048	5.403371	8.968441	0.876439	3.147597	5.479711	2.115117	
hsa-mir-761	0.0	0.0	0.0	0.0	0.0	0.0	0.0	0.0	0.0	0.0	0.0	0.0	
hsa-mir-1200	0.0	0.0	0.0	0.0	0.0	0.0	0.0	0.0	0.0	0.0	0.0	0.0	
hsa-mir-199b	220.886947	7130.427977	5685.717876	3042.629385	222.317578	971.740918	1453.97667	708.506835	408.749093	931.278235	463.13707	2421.355427	
hsa-mir-301a	0.33022	13.797618	4.619068	7.312415	17.960154	2.847676	4.933513	15.844246	0.876439	3.695005	3.044284	4.343543	
hsa-mir-191	29.239452	303.773784	124.714847	321.746258	640.740618	339.898593	122.63303	342.893392	172.001092	479.392749	485.258867	86.115467	
hsa-mir-642b	0.0	0.0	0.0	0.0	0.0	0.0	0.234929	0.0	0.0	0.136852	0.0	0.0	
hsa-mir-4286	0.0	0.22619	0.0	0.0	0.0	0.0	0.0	0.0	0.0	0.0	0.0	0.0	
hsa-mir-498	0.0	0.0	0.0	0.664765	0.0	0.0	0.0	0.0	0.0	0.0	0.0	0.0	
hsa-mir-3065	1.050699	45.916663	4.619068	31.90872	10.193601	150.129472	43.696827	123.166589	9.312161	13.274649	160.129337	5.023402	
hsa-mir-4268	0.0	0.0	0.0	0.0	0.0	0.0	0.0	0.0	0.0	0.0	0.0	0.0	
hsa-mir-3154	0.0	0.0	0.118438	0.0	0.0	0.0	0.0	0.0	0.0	0.0	0.0	0.0	
hsa-mir-1537	0.06004	0.0	0.118438	0.664765	0.0	0.0	0.0	0.0	0.0	0.410556	0.0	0.0	
hsa-mir-2110	0.27018	4.97619	1.184377	1.32953	3.397867	0.683442	4.228725	1.793688	1.424213	1.094816	1.420666	0.339929	
hsa-mir-566	0.0	0.0	0.0	0.0	0.0	0.0	0.0	0.0	0.0	0.0	0.0	0.0	
hsa-mir-193b	7.805192	117.619038	76.036972	152.895949	57.278328	28.476759	42.522181	231.983673	11.831922	51.319521	5.073807	19.67814	
hsa-mir-188	0.12008	10.857142	4.974381	4.653355	6.310324	10.935075	1.879433	3.886324	0.657329	1.505373	2.029523	7.062979	
hsa-mir-2277	0.0	2.035714	0.355313	0.0	3.397867	0.341721	0.234929	1.49474	0.21911	0.410556	0.405905	0.03777	
hsa-mir-4303	0.0	0.0	0.0	0.0	0.0	0.0	0.0	0.0	0.0	0.0	0.0	0.0	
hsa-mir-96	0.03002	70.797613	3.671567	5.982885	5.339505	2.619862	9.162238	31.688491	10.407709	5.33723	7.306282	0.30216	
hsa-mir-3684	0.0	1.130952	0.118438	0.0	0.48541	0.0	0.0	0.298948	0.0	0.0	0.202952	0.18885	
hsa-mir-517a	0.0	0.452381	0.0	0.0	0.0	0.0	0.234929	0.0	0.0	0.0	0.0	0.0	
hsa-mir-129-1	0.4503	2.940476	1.421252	0.0	0.0	5.01191	0.939717	3.288428	0.109555	19.9804	3.450189	2.606126	
hsa-mir-597	0.0	0.22619	0.118438	0.0	0.48541	0.0	0.0	0.0	0.0	0.0	0.0	0.07554	
hsa-mir-3137	0.0	0.0	0.118438	0.0	0.0	0.0	0.0	0.298948	0.0	0.0	0.0	0.0	
hsa-mir-3186	0.0	0.0	0.0	0.0	0.0	0.0	0.0	0.0	0.0	0.0	0.0	0.0	
hsa-mir-3616	0.0	0.452381	0.236875	0.0	0.0	0.113907	0.0	0.0	0.0	0.0	0.202952	0.0	
hsa-mir-20a	11.527669	514.809481	164.509897	151.566419	186.88268	69.825013	159.986769	306.720681	33.742889	87.995871	93.15509	74.746715	
hsa-mir-26b	112.154612	507.345196	391.436437	337.035853	880.532941	986.776646	340.412376	1250.499617	389.029223	1256.712422	1539.392933	272.056891	
hsa-mir-449b	0.0	0.0	0.0	0.0	0.0	0.0	0.0	0.0	0.0	0.136852	0.0	0.03777	
hsa-mir-553	0.0	0.0	0.0	0.0	0.0	0.0	0.0	0.0	0.0	0.0	0.0	0.0	
hsa-mir-643	0.0	0.678571	0.118438	0.664765	0.970819	0.341721	1.174646	1.195792	0.109555	0.136852	0.202952	0.18885	
hsa-mir-1254	0.03002	1.357143	0.0	1.32953	2.912457	0.0	0.234929	3.587376	0.0	0.547408	0.405905	0.07554	
hsa-mir-3615	0.21014	6.785714	4.974381	20.607715	4.854096	0.797349	6.578017	5.381065	0.657329	2.052781	0.811809	0.642089	
hsa-mir-3125	0.0	0.22619	0.0	0.0	0.0	0.0	0.0	0.0	0.0	0.0	0.0	0.0	
hsa-mir-455	2.311538	1182.976092	271.932847	201.423794	417.452221	680.025	201.804162	69.654891	34.290664	126.314447	62.306345	138.389067	
hsa-mir-590	0.36024	14.476189	11.014702	13.2953	16.989335	8.0874	6.343088	28.400063	2.410206	9.032236	8.321043	5.023402	
hsa-mir-622	0.0	0.0	0.0	0.0	0.0	0.0	0.0	0.0	0.0	0.0	0.0	0.0	
hsa-mir-125b-2	5.163435	21.488093	45.243183	25.26107	34.949488	32.121784	6.108159	7.473701	22.458741	10.811312	55.000064	35.352666	
hsa-mir-489	0.0	0.22619	0.118438	0.0	0.48541	6.037073	0.0	0.0	0.109555	0.410556	0.202952	0.0	
hsa-let-7d	101.227343	630.845186	334.704802	610.919031	440.75188	512.012123	755.767159	779.357519	125.988061	501.699634	1230.296633	168.7561	
hsa-mir-520c	0.0	0.0	0.0	0.664765	0.0	0.0	0.0	0.298948	0.0	0.0	0.0	0.0	
hsa-mir-3130-1	0.540359	11.535713	4.263755	6.64765	6.795734	2.278141	3.758867	22.72005	1.862432	2.326485	5.479711	1.964037	
hsa-mir-660	2.971977	115.357133	33.754731	51.85167	39.803584	67.205151	41.817393	23.018998	7.559284	21.075216	15.018468	111.119169	
hsa-mir-519a-2	0.0	8.821428	0.0	2.65906	0.0	0.0	0.0	0.597896	0.21911	0.0	0.0	0.03777	
hsa-mir-1297	0.0	0.0	0.0	0.0	0.0	0.113907	0.0	0.0	0.0	0.0	0.0	0.0	
hsa-mir-491	0.3002	2.940476	1.184377	0.664765	0.970819	1.252977	1.644504	2.391584	2.191097	3.831858	5.276759	1.699647	
hsa-mir-3657	0.0	0.0	0.0	0.0	0.0	0.0	0.0	0.0	0.0	0.0	0.0	0.0	
hsa-mir-139	72.28809	13.119047	24.398156	56.505025	76.209301	218.929322	20.908697	54.408542	8.326168	91.554025	26.383795	33.275319	
hsa-mir-2355	5.043355	21.261903	22.740029	86.419449	48.055546	10.593354	42.75711	45.440101	8.545277	35.034126	20.498179	32.21776	
hsa-mir-647	0.0	0.0	0.0	0.0	0.0	0.0	0.0	0.0	0.0	0.0	0.0	0.0	
hsa-mir-190	0.42028	8.142856	4.855944	0.0	15.047696	28.362852	7.047875	0.298948	1.314658	4.379266	2.638379	1.737417	
hsa-mir-762	0.0	0.0	0.0	0.0	0.0	0.0	0.0	0.0	0.0	0.0	0.0	0.0	
hsa-mir-920	0.0	0.0	0.0	0.0	0.0	0.0	0.0	0.0	0.0	0.0	0.0	0.0	
hsa-mir-1238	0.0	0.0	0.0	0.0	0.0	0.0	0.0	0.597896	0.0	0.0	0.202952	0.0	
hsa-mir-99b	5566.483159	23398.27186	12693.199938	13276.686492	36543.087865	29281.398104	12155.940349	14191.063068	5404.011394	15147.743426	30924.851444	20487.625056	
hsa-mir-548f-5	0.0	0.0	0.0	0.0	0.0	0.0	0.0	0.0	0.0	0.0	0.0	0.0	
hsa-mir-574	17.981963	242.47617	79.353226	77.777504	62.617833	30.527085	50.274844	103.137071	21.801412	108.660532	53.985303	27.458748	
hsa-mir-4325	0.0	0.0	0.0	0.0	0.0	0.0	0.0	0.0	0.0	0.0	0.0	0.0	
hsa-mir-1302-11	0.0	0.0	0.0	0.0	0.0	0.0	0.0	0.0	0.0	0.0	0.0	0.0	
hsa-mir-373	0.0	0.0	0.0	0.0	0.0	0.0	0.0	0.0	0.0	0.0	0.0	0.0	
hsa-mir-548g	0.0	0.0	0.0	0.0	0.0	0.0	0.0	0.0	0.0	0.0	0.0	0.0	
hsa-mir-135a-1	0.42028	0.22619	0.0	0.0	31.551621	44.537651	0.469858	0.298948	4.710858	2.326485	357.398939	2.455046	
hsa-mir-3191	0.03002	0.0	0.118438	0.0	0.970819	0.227814	0.234929	1.49474	0.0	0.0	0.0	0.0	
hsa-mir-7-2	0.0	0.452381	0.0	0.0	0.0	0.0	0.0	2.98948	0.0	2.052781	1.217714	0.15108	
hsa-mir-1321	0.0	0.0	0.0	0.0	0.0	0.0	0.0	0.0	0.0	0.0	0.0	0.0	
hsa-mir-103-1-as	0.0	0.0	0.0	0.0	0.0	0.0	0.0	0.0	0.0	0.0	0.0	0.0	
hsa-mir-1243	0.03002	0.22619	0.0	0.0	0.0	0.0	0.0	0.0	0.0	0.0	0.0	0.07554	
hsa-mir-1273c	0.0	0.0	0.0	0.0	0.0	0.0	0.0	0.0	0.0	0.0	0.0	0.0	
hsa-mir-211	0.0	0.0	0.0	0.0	1.456229	1.025163	0.0	0.0	0.109555	0.0	0.202952	0.03777	
hsa-mir-3195	0.03002	0.0	0.0	0.0	0.0	0.0	0.704788	0.0	0.0	0.136852	0.0	0.0	
hsa-mir-3649	0.0	0.0	0.0	0.0	0.0	0.0	0.0	0.0	0.0	0.0	0.0	0.0	
hsa-mir-3675	0.0	0.0	0.0	0.0	0.0	0.0	0.0	0.0	0.0	0.0	0.0	0.0	
hsa-mir-486	51.78445	11.309523	56.613197	239.980163	249.500514	132.473882	66.484957	86.993877	9.312161	291.084321	29.022174	21.944336	
hsa-mir-3129	0.0	0.0	0.473751	1.32953	0.0	0.0	0.234929	0.0	0.0	0.136852	0.202952	0.03777	
hsa-mir-3163	0.0	0.0	0.0	0.0	0.0	0.0	0.0	0.0	0.0	0.0	0.0	0.0	
hsa-mir-770	0.0	0.0	0.0	0.0	0.0	0.113907	0.0	0.0	0.0	0.273704	0.0	0.03777	
hsa-mir-1288	0.03002	0.0	0.0	0.0	0.0	0.683442	0.704788	1.195792	0.21911	0.273704	0.405905	0.18885	
hsa-mir-606	0.0	0.22619	0.0	0.0	0.0	0.0	0.0	0.0	0.0	0.0	0.0	0.0	
hsa-mir-500b	0.600399	12.214285	6.158758	6.64765	10.67901	6.834422	5.873229	3.587376	0.657329	3.831858	2.232475	7.629528	
hsa-mir-3118-4	0.0	0.0	0.0	0.0	0.0	0.0	0.0	0.0	0.0	0.0	0.0	0.0	
hsa-mir-502	0.900599	23.523808	10.0672	19.278185	16.503925	13.782751	24.667563	7.473701	2.848426	8.895384	6.900377	18.960511	
hsa-mir-4295	0.0	0.0	0.0	0.0	0.0	0.0	0.0	0.0	0.0	0.0	0.0	0.0	
hsa-mir-3929	0.0	0.0	0.0	0.0	0.0	0.0	0.0	0.298948	0.0	0.0	0.0	0.0	
hsa-mir-219-2	0.0	0.452381	0.118438	0.0	0.48541	0.113907	0.234929	1.49474	0.109555	0.273704	0.811809	0.22662	
hsa-mir-1185-1	0.03002	0.0	0.710626	0.0	0.0	0.113907	0.234929	0.0	0.0	0.0	0.0	0.03777	
hsa-mir-371	0.0	0.22619	0.0	0.0	0.0	0.0	0.0	0.0	0.0	0.0	0.0	0.03777	
hsa-mir-1227	0.09006	1.357143	0.118438	0.664765	2.427048	1.708606	2.349292	4.185272	0.0	1.231668	0.405905	0.22662	
hsa-mir-429	0.06004	226.416648	66.443522	37.22684	55.33669	90.556093	120.283738	107.023395	45.903476	210.615313	124.612691	3.248215	
hsa-mir-518c	0.0	0.452381	0.0	0.0	0.0	0.0	0.0	0.0	0.0	0.0	0.0	0.0	
hsa-mir-1247	20.77382	1.809524	241.257495	180.151314	1.456229	10.023819	335.009005	12.854765	33.08556	45.024326	0.811809	14.050418	
hsa-mir-548v	0.03002	3.166666	0.236875	0.664765	1.941638	1.366884	0.469858	2.98948	0.0	0.68426	0.0	0.566549	
hsa-mir-3146	0.0	0.0	0.0	0.0	0.0	0.0	0.0	0.298948	0.0	0.0	0.0	0.07554	
hsa-mir-7-1	1.951298	14.476189	9.238137	11.301005	16.503925	8.201307	11.041671	40.656932	12.927471	61.857129	39.778644	4.230233	
hsa-mir-504	0.21014	5.428571	0.710626	0.0	0.0	0.911256	0.704788	0.0	2.300652	2.189633	0.405905	0.415469	
hsa-mir-3928	0.03002	2.714285	0.592188	0.664765	1.456229	0.911256	1.644504	1.195792	0.109555	0.68426	0.608857	0.22662	
hsa-mir-222	9.276171	77.357136	94.039495	196.105674	85.432082	21.186709	59.90694	74.43806	12.927471	62.815093	372.417407	49.818553	
hsa-mir-21	9905.839959	270334.013186	385791.93513	506157.385772	247478.782748	23677.855413	268799.15012	300880.431848	59785.498204	33178.001689	189259.076076	70665.710332	
hsa-mir-548n	0.0	0.0	0.0	0.0	0.0	0.0	0.0	0.0	0.0	0.0	0.0	0.0	
hsa-mir-1275	0.0	0.22619	0.0	0.0	0.0	0.227814	1.644504	0.298948	0.0	0.273704	1.014761	0.03777	
hsa-mir-4263	0.0	0.0	0.0	0.0	0.0	0.0	0.0	0.0	0.0	0.0	0.0	0.0	
hsa-mir-4317	0.0	0.0	0.0	0.0	0.0	0.0	0.0	0.0	0.0	0.0	0.0	0.0	
hsa-mir-3140	0.0	0.452381	0.0	0.664765	0.0	0.0	0.0	0.298948	0.0	0.0	0.0	0.0	
hsa-mir-548i-4	0.0	0.0	0.0	0.0	0.0	0.0	0.0	0.0	0.0	0.0	0.0	0.0	
hsa-mir-10b	5678.127431	10388.249134	13997.553789	22120.055229	142340.042988	243965.974146	652.633251	2468.11495	11910.582658	24331.611141	18579.873995	255136.863161	
hsa-mir-1302-1	0.0	0.0	0.0	0.0	0.0	0.0	0.0	0.0	0.0	0.0	0.0	0.0	
hsa-mir-1286	0.0	0.0	0.0	0.0	0.0	0.0	0.0	0.0	0.0	0.0	0.0	0.0	
hsa-mir-3176	0.0	0.0	0.236875	0.0	0.48541	0.0	0.469858	0.0	0.0	0.273704	0.0	0.0	
hsa-mir-564	0.0	0.0	0.0	0.0	0.0	0.113907	0.0	0.0	0.0	0.0	0.202952	0.07554	
hsa-mir-1273	0.0	0.0	0.0	0.0	0.0	0.0	0.0	0.0	0.0	0.0	0.0	0.0	
hsa-mir-1184-3	0.0	0.0	0.0	0.0	0.0	0.0	0.0	0.0	0.0	0.0	0.0	0.0	
hsa-mir-320c-2	0.06004	0.452381	0.0	0.0	0.48541	0.227814	0.234929	0.0	0.328665	0.136852	0.405905	0.07554	
hsa-mir-584	8.315532	179.595223	45.006307	216.713389	33.49326	8.543028	18.324476	967.395831	4.163084	35.170978	30.44284	8.687087	
hsa-mir-4308	0.0	0.0	0.0	0.0	0.0	0.0	0.0	0.0	0.0	0.0	0.0	0.0	
hsa-mir-4258	0.0	0.0	0.0	0.0	0.0	0.0	0.0	0.0	0.0	0.0	0.0	0.0	
hsa-mir-365-1	21.284159	19.452379	12.317516	24.596305	41.259813	6.264887	23.962776	142.299263	12.379696	27.780967	8.118091	7.478448	
hsa-mir-204	4.953295	3.845238	10.304076	4.653355	317.943261	1379.30029	1.409575	0.597896	3.286645	11.358721	1.217714	22.699735	
hsa-mir-572	0.0	0.0	0.118438	0.0	0.0	0.0	0.0	0.298948	0.0	0.0	0.0	0.0	
hsa-mir-1469	0.0	0.0	0.0	0.0	0.0	0.0	0.0	0.0	0.0	0.0	0.0	0.0	
hsa-mir-508	0.21014	17.642856	2.131878	3.98859	9.708191	195.692287	9.867025	28.997959	0.0	1.642225	18.468656	4.494623	
hsa-mir-300	0.0	0.0	0.0	0.0	0.0	0.0	0.0	0.0	0.0	0.0	0.0	0.0	
hsa-mir-92a-2	1002.757094	17528.629492	7258.333007	20734.684978	11132.382837	4382.003645	11170.412456	26916.682885	2793.100543	8138.728571	7077.960257	2331.765125	
hsa-mir-548a-1	0.0	0.0	0.0	0.0	0.0	0.0	0.0	0.0	0.0	0.0	0.0	0.0	
hsa-mir-1269	0.03002	0.0	0.0	0.0	6479.732209	21.186709	0.234929	4.783169	0.21911	0.0	0.202952	0.0	
hsa-mir-3609	0.0	0.0	0.0	0.664765	0.970819	0.227814	0.234929	0.597896	0.0	0.0	0.0	0.03777	
hsa-mir-337	2.701797	7.238095	33.28098	13.2953	3.397867	9.796005	4.228725	17.936882	13.256135	68.56288	2.029523	22.964125	
hsa-mir-4272	0.0	0.0	0.0	0.0	0.0	0.0	0.0	0.0	0.0	0.0	0.0	0.0	
hsa-mir-1270-1	0.06004	1.357143	0.118438	0.664765	43.68686	1.93642	1.409575	0.597896	0.438219	0.68426	0.811809	0.491009	
hsa-mir-3180-4	0.0	0.0	0.236875	0.0	0.0	0.0	0.0	0.0	0.0	0.0	0.0	0.03777	
hsa-mir-215	0.33022	4.75	0.118438	1.994295	59.705376	69.825013	4.228725	3.886324	0.547774	2942.729741	2.435427	0.377699	
hsa-mir-548h-1	0.0	0.0	0.0	0.0	0.0	0.0	0.0	0.0	0.0	0.0	0.0	0.0	
hsa-mir-3150	0.0	0.452381	0.0	0.664765	0.0	0.113907	0.234929	0.0	0.0	0.136852	0.0	0.0	
hsa-mir-1303	0.0	0.0	0.0	0.0	0.0	0.0	0.0	0.0	0.0	0.0	0.0	0.0	
hsa-mir-122	0.0	0.0	0.0	0.0	14.562287	0.0	0.0	0.298948	0.0	0.136852	0.0	0.0	
hsa-mir-620	0.0	0.0	0.0	0.0	0.0	0.0	0.0	0.0	0.0	0.0	0.0	0.0	
hsa-mir-659	0.09006	2.488095	0.710626	1.32953	3.397867	1.13907	0.469858	1.793688	0.109555	0.136852	1.420666	0.377699	
hsa-let-7a-3	1581.782296	11018.868129	6123.463434	3785.171885	6841.847741	6514.685066	13971.003162	6848.301512	3788.515783	2705.701982	13389.775711	4700.582564	
hsa-mir-520a	0.0	1.583333	0.0	0.664765	0.0	0.0	0.234929	0.0	0.109555	0.0	0.0	0.0	
hsa-mir-2054	0.0	0.0	0.0	0.0	0.0	0.0	0.0	0.0	0.0	0.0	0.0	0.0	
hsa-mir-323	0.09006	1.357143	2.250315	3.98859	0.0	2.050327	0.469858	0.597896	0.328665	5.063526	0.202952	0.868709	
hsa-mir-152	99.396124	892.321354	369.525471	315.098608	648.021762	472.258568	244.326343	150.968756	187.010105	191.456025	263.837945	194.213041	
hsa-mir-1912	0.0	0.0	0.118438	0.0	0.48541	0.0	0.0	0.597896	0.0	0.0	0.0	0.11331	
hsa-mir-1293	0.0	0.0	0.829064	67.80603	0.970819	0.0	0.0	13.153713	0.109555	0.136852	0.0	0.03777	
hsa-mir-515-1	0.0	0.0	0.0	0.0	0.0	0.0	0.0	0.0	0.0	0.0	0.0	0.0	
hsa-mir-23c	0.630419	0.678571	0.473751	0.664765	0.970819	0.683442	2.114363	0.597896	4.820413	0.136852	1.014761	0.868709	
hsa-mir-527	0.0	0.678571	0.0	0.0	0.0	0.0	0.0	0.0	0.0	0.0	0.0	0.0	
hsa-mir-16-1	31.28081	481.107103	210.108393	636.180101	583.9477	330.444309	307.99215	462.472605	111.417268	274.251518	656.347626	68.552444	
hsa-mir-330	4.893255	84.821422	29.2541	146.913064	39.803584	11.960239	90.682662	244.240542	8.216613	49.677296	48.708544	5.929881	
hsa-let-7e	440.633136	1820.833182	1320.461372	381.575107	1199.447021	1580.687928	2157.589551	633.470879	461.883188	528.659489	2881.516264	653.117833	
hsa-mir-579	0.0	0.904762	0.592188	0.0	0.970819	0.0	0.0	0.896844	0.0	0.821112	1.014761	0.11331	
hsa-mir-298	0.0	0.0	0.0	0.0	0.0	0.0	0.0	0.0	0.0	0.0	0.0	0.0	
hsa-mir-1281	0.0	0.0	0.0	0.0	0.0	0.0	0.0	0.0	0.0	0.0	0.0	0.0	
hsa-mir-548e	0.03002	0.0	0.118438	1.32953	0.48541	0.0	0.704788	2.092636	0.438219	0.0	0.202952	0.11331	
hsa-mir-105-1	0.0	4.523809	0.236875	0.0	0.0	0.113907	0.234929	2.092636	0.0	0.136852	0.0	0.377699	
hsa-mir-649	0.0	0.0	0.0	0.0	0.0	0.0	0.0	0.0	0.0	0.0	0.0	0.0	
hsa-mir-1250	0.0	0.452381	0.0	0.0	0.0	0.227814	0.0	0.0	0.0	0.0	0.405905	0.03777	
hsa-mir-17	32.871868	1726.737951	550.261327	656.787816	502.398894	205.260477	803.92764	1040.638099	122.810971	260.292609	345.018851	201.38933	
hsa-mir-1539	0.0	0.0	0.0	0.0	0.0	0.113907	0.0	0.298948	0.0	0.0	0.0	0.0	
hsa-mir-4297	0.0	0.0	0.0	0.0	0.0	0.0	0.0	0.0	0.0	0.0	0.0	0.0	
hsa-mir-568	0.0	0.0	0.0	0.0	0.0	0.0	0.0	0.0	0.0	0.0	0.0	0.0	
hsa-mir-380	0.12008	0.22619	1.539689	0.664765	0.0	0.0	0.234929	0.597896	0.21911	2.052781	0.202952	0.30216	
hsa-mir-509-2	0.0	3.392857	0.0	0.0	1.456229	17.313869	1.879433	1.49474	0.0	0.410556	0.811809	0.22662	
hsa-mir-518e	0.0	0.904762	0.0	0.0	0.0	0.0	0.0	0.0	0.0	0.0	0.0	0.0	
hsa-mir-548s	0.0	1.130952	0.0	0.0	0.970819	0.113907	0.234929	0.0	0.0	0.410556	0.202952	0.0	
hsa-mir-3127	0.39026	2.714285	2.605628	5.31812	4.854096	1.708606	5.168442	12.555817	0.876439	2.326485	3.247236	0.642089	
hsa-mir-645	0.0	0.0	0.0	0.0	0.48541	0.0	0.0	0.0	0.0	0.0	0.0	0.0	
hsa-mir-562	0.0	0.0	0.0	0.0	0.0	0.0	0.0	0.0	0.0	0.0	0.0	0.0	
hsa-mir-3152	0.0	0.0	0.0	0.0	0.0	0.0	0.0	0.0	0.0	0.273704	0.0	0.15108	
hsa-mir-296	0.21014	2.940476	3.197817	9.971475	9.708191	1.93642	13.625892	10.164233	0.328665	2.873893	4.261998	2.681666	
hsa-mir-3164	0.0	0.0	0.118438	0.0	0.48541	0.0	0.0	0.0	0.0	0.0	0.0	0.03777	
hsa-mir-28	2825.899958	6035.892354	2975.509107	4311.000996	4017.734924	1911.815679	3888.31279	6157.43261	2557.009872	8494.27021	990.204103	3324.359195	
hsa-mir-183	30.620371	9257.975419	801.230709	2215.66173	1272.258455	547.437211	12751.015951	45564.762158	3220.254849	2033.347835	2987.660299	93.744995	
hsa-mir-196a-1	6.184114	194.071412	16.344396	15.289595	696.077308	291.943731	1.409575	2.690532	1.314658	19.159288	1.420666	23.077434	
hsa-mir-3650	0.0	0.0	0.0	0.0	0.0	0.0	0.0	0.0	0.0	0.0	0.202952	0.0	
hsa-mir-466	0.0	0.22619	0.0	0.664765	0.0	0.0	0.0	0.597896	0.0	0.0	0.0	0.0	
hsa-mir-3156-1	0.0	0.0	0.0	0.0	0.0	0.0	0.0	0.0	0.0	0.0	0.0	0.0	
hsa-mir-107	287.771443	1840.737942	1218.960305	3720.68968	1273.714684	1137.361747	3508.197384	3495.300387	605.838243	1043.49692	2029.725607	507.967947	
hsa-mir-933	0.0	0.0	0.0	0.0	0.0	0.0	0.234929	0.0	0.0	0.0	0.0	0.0	
hsa-mir-548f-1	0.0	3.166666	0.0	0.664765	0.0	0.0	0.0	2.98948	0.0	0.0	0.0	0.03777	
hsa-mir-551a	0.0	2.261905	0.355313	0.0	0.0	0.227814	0.704788	1.49474	0.0	0.410556	0.608857	0.0	
hsa-mir-519d	0.0	0.22619	0.0	0.0	0.0	0.0	0.0	0.0	0.0	0.0	0.0	0.0	
hsa-mir-1295	0.0	1.357143	0.118438	2.65906	2.912457	0.113907	0.469858	0.0	0.328665	0.547408	0.0	0.0	
hsa-mir-378	167.541459	216.238077	82.19573	499.238512	149.020735	564.978895	106.422917	82.808605	64.418244	495.951848	57.435491	85.322298	
hsa-mir-548l	0.0	0.0	0.0	0.0	0.0	0.0	0.0	0.298948	0.0	0.0	0.0	0.0	
hsa-mir-1285-1	0.0	0.0	0.0	0.0	0.0	0.0	0.0	0.0	0.0	0.0	0.0	0.0	
hsa-mir-544b	0.0	0.0	0.0	0.0	0.0	0.0	0.0	0.0	0.0	0.0	0.0	0.0	
hsa-mir-4267	0.0	0.0	0.0	0.0	0.0	0.0	0.0	0.0	0.0	0.0	0.0	0.0	
hsa-mir-3914-2	0.0	0.0	0.0	0.0	0.0	0.0	0.0	0.0	0.0	0.0	0.0	0.0	
hsa-mir-3922	0.0	1.130952	0.947501	3.323825	1.941638	0.569535	0.0	5.680013	0.109555	0.273704	0.0	0.18885	
hsa-mir-543	0.06004	0.0	1.065939	2.65906	0.0	0.683442	0.234929	0.597896	1.095548	1.231668	0.0	0.717629	
hsa-mir-3909	0.03002	2.035714	0.118438	0.664765	0.970819	0.341721	0.469858	1.195792	0.328665	0.0	0.608857	0.03777	
hsa-mir-135b	0.09006	174.845224	22.029403	39.8859	26.697526	10.023819	66.250028	36.47166	0.547774	6.02149	180.018659	1.473028	
hsa-mir-1908	0.0	0.22619	0.236875	0.0	0.0	0.0	0.0	0.298948	0.0	0.0	0.0	0.03777	
hsa-mir-1260	0.0	0.22619	0.0	0.0	0.0	0.0	0.0	0.0	0.0	0.0	0.0	0.0	
hsa-mir-708	1.681118	256.047598	144.375497	231.338218	287.847869	60.370729	33.829801	26.905323	9.859935	13.822058	56.623682	43.435433	
hsa-mir-3691	0.0	0.22619	0.0	0.664765	0.0	0.0	1.174646	3.288428	0.109555	0.273704	0.0	0.0	
hsa-mir-3692	0.0	0.0	0.0	0.0	0.0	0.0	0.0	0.0	0.0	0.0	0.0	0.03777	
hsa-mir-4288	0.0	0.0	0.0	0.0	0.0	0.0	0.0	0.0	0.0	0.0	0.0	0.0	
hsa-mir-615	0.12008	3.619047	1.065939	0.664765	33.978669	19.819824	1.174646	0.597896	2.519761	0.821112	0.0	0.415469	
hsa-mir-1972-2	0.0	0.0	0.0	0.0	0.0	0.0	0.0	0.0	0.0	0.0	0.0	0.0	
hsa-mir-1256	0.0	0.0	0.0	0.0	0.0	0.113907	0.0	0.0	0.0	0.136852	0.202952	0.03777	
hsa-mir-1283-1	0.0	1.809524	0.0	0.0	0.0	0.0	0.0	0.0	0.0	0.0	0.0	0.0	
hsa-mir-3184	0.0	0.0	0.0	0.0	0.0	0.0	0.0	0.0	0.0	0.0	0.0	0.0	
hsa-mir-4322	0.0	0.0	0.0	0.0	0.0	0.0	0.0	0.0	0.0	0.0	0.0	0.0	
hsa-mir-632	0.0	0.22619	0.236875	0.0	1.456229	0.0	1.409575	0.597896	0.109555	0.273704	0.202952	0.30216	
hsa-mir-1-2	265.706764	0.904762	30.556914	5.31812	5.824915	9.340377	8.69238	4.185272	103.31021	171.612477	57.435491	193.155482	
hsa-mir-4261	0.0	0.0	0.0	0.0	0.0	0.0	0.0	0.0	0.0	0.0	0.0	0.0	
hsa-mir-1245	0.33022	1.583333	2.250315	0.664765	0.0	0.113907	0.0	2.98948	0.657329	0.547408	0.202952	1.435258	
hsa-mir-3943	0.0	0.0	0.0	0.0	0.0	0.0	0.0	0.0	0.0	0.0	0.0	0.07554	
hsa-mir-375	4.743155	2307.368855	186.894613	72.459385	8.737372	69.14157	6750.68987	11359.128363	32145.689527	83406.948335	8567.426933	377.321718	
hsa-mir-582	117.348067	122.595228	142.954245	77.112739	75.238482	99.099121	54.503569	3915.322372	516.222387	305.590639	50.332162	162.41075	
hsa-mir-3160-2	0.0	0.22619	0.0	0.0	0.0	0.0	0.0	0.0	0.0	0.0	0.0	0.0	
hsa-mir-2116	0.06004	1.809524	0.829064	1.32953	0.48541	0.113907	0.704788	3.587376	0.109555	0.0	0.0	0.453239	
hsa-mir-4270	0.0	0.0	0.0	0.0	0.0	0.0	0.0	0.0	0.0	0.0	0.0	0.0	
hsa-mir-339	1.741158	21.714284	14.449393	25.26107	35.434898	16.630427	31.24558	21.22531	4.710858	43.518954	17.04799	4.683473	
hsa-mir-376a-2	0.03002	0.0	0.947501	1.32953	0.0	0.341721	0.0	0.896844	0.328665	1.368521	0.0	0.03777	
hsa-mir-1244-2	0.0	0.0	0.0	0.0	0.0	0.0	0.0	0.0	0.0	0.0	0.0	0.0	
hsa-mir-3074	0.12008	2.714285	0.473751	5.31812	7.281143	7.745678	0.939717	11.360025	0.985994	6.295195	2.435427	0.642089	
hsa-mir-1277	0.0	0.904762	0.829064	0.0	1.941638	0.911256	0.469858	0.0	0.0	0.821112	0.608857	0.18885	
hsa-mir-3160-1	0.0	0.452381	0.0	0.0	0.48541	0.0	0.234929	0.0	0.0	0.136852	0.0	0.0	
hsa-mir-4283-1	0.0	0.0	0.0	0.0	0.0	0.0	0.0	0.0	0.0	0.0	0.0	0.0	
hsa-mir-424	12.578368	38.226187	162.733333	72.459385	1530.496341	471.689033	32.185297	82.808605	8.983497	38.181723	698.76465	79.619037	
hsa-mir-1231	0.0	0.0	0.0	0.0	0.0	0.0	0.0	0.0	0.0	0.0	0.0	0.0	
hsa-mir-18b	0.09006	2.940476	1.776565	2.65906	0.970819	1.366884	2.349292	2.98948	0.876439	1.368521	0.202952	0.30216	
hsa-mir-1181	0.0	0.452381	0.118438	0.0	0.0	0.113907	0.704788	0.0	0.0	0.136852	0.405905	0.03777	
hsa-mir-519b	0.0	0.452381	0.0	0.0	0.0	0.0	0.0	0.0	0.0	0.0	0.0	0.0	
hsa-mir-329-1	0.03002	0.22619	0.473751	2.65906	0.0	0.341721	0.469858	0.0	0.109555	0.547408	0.202952	0.15108	
hsa-mir-3667	0.0	0.0	0.236875	0.0	0.0	0.113907	0.234929	0.0	0.0	0.273704	0.0	0.0	
hsa-mir-4251	0.0	0.0	0.0	0.0	0.0	0.0	0.0	0.0	0.0	0.0	0.0	0.0	
hsa-mir-626	0.0	0.0	0.0	0.0	0.0	0.0	0.0	0.0	0.0	0.0	0.0	0.0	
hsa-mir-1229	0.0	0.678571	0.355313	0.664765	1.941638	0.455628	0.234929	6.875805	0.109555	0.273704	0.0	0.0	
hsa-mir-3655	0.0	0.0	0.118438	0.0	0.48541	0.0	0.704788	0.0	0.0	0.273704	0.0	0.03777	
hsa-mir-3199-2	0.51034	0.22619	0.710626	0.0	0.0	0.683442	1.174646	0.896844	0.438219	0.547408	0.811809	0.717629	
hsa-mir-3179-1	0.0	0.0	0.118438	0.0	0.0	0.0	0.0	0.0	0.0	0.0	0.0	0.0	
hsa-mir-199a-2	165.560141	5286.297179	4310.182997	2249.564745	187.8535	774.56784	1063.054521	544.683314	314.641489	720.115514	374.041025	1841.775671	
hsa-mir-2115	0.03002	0.452381	0.236875	0.0	0.0	0.0	0.0	2.391584	0.0	0.0	0.0	0.0	
hsa-mir-205	0.42028	148.38094	4592.89367	9723.517591	5.824915	0.455628	3.993796	1605.051983	678.911319	0.273704	17.04799	8.724857	
hsa-mir-4305	0.0	0.0	0.0	0.0	0.0	0.0	0.0	0.0	0.0	0.0	0.0	0.0	
hsa-mir-4299	0.0	0.0	0.0	0.0	0.0	0.0	0.0	0.0	0.0	0.0	0.0	0.0	
hsa-mir-604	0.0	0.0	0.0	0.0	0.0	0.0	0.0	0.0	0.0	0.0	0.0	0.0	
hsa-mir-194-2	3.872576	78.714279	31.859728	31.243955	2880.420326	3792.762552	80.815637	110.90972	15.009013	5067.631601	120.553646	30.669193	
hsa-mir-484	4.502996	64.916661	52.94163	174.833194	114.556656	35.880716	19.264192	104.332863	18.952987	68.015471	18.062752	10.953283	
hsa-mir-450a-1	0.24016	1.357143	6.632508	0.664765	16.503925	6.720515	3.289008	1.49474	0.0	2.189633	12.988945	2.681666	
hsa-mir-555	0.0	0.0	0.0	0.0	0.0	0.0	0.0	0.0	0.0	0.0	0.0	0.0	
hsa-mir-3613	0.48032	20.130951	6.277196	15.289595	19.416382	4.21456	1.174646	5.680013	5.149077	3.147597	15.424372	1.548568	
hsa-mir-675	6.184114	2.261905	12.199078	5.982885	6.310324	13.782751	0.234929	0.896844	0.328665	7.390011	0.608857	30.442573	
hsa-mir-548x	0.0	0.0	0.0	0.0	0.0	0.0	0.0	0.0	0.0	0.0	0.0	0.0	
hsa-mir-130a	2.461638	101.785706	90.486365	81.101329	149.020735	48.752211	36.179093	29.894803	12.817916	64.731022	48.911496	90.459011	
hsa-mir-103-2	0.12008	4.97619	3.908442	3.323825	1.941638	1.93642	7.047875	2.98948	1.533768	2.326485	6.494472	1.284178	
hsa-mir-493	0.840559	7.238095	16.818146	23.93154	2.912457	2.733769	6.108159	6.277909	4.053529	9.9902	0.405905	6.080961	
hsa-mir-3180-2	0.0	0.0	0.0	0.0	0.0	0.0	0.0	0.0	0.0	0.0	0.0	0.0	
hsa-mir-1208	0.0	0.0	0.0	0.0	0.0	0.0	0.0	0.0	0.0	0.0	0.0	0.0	
hsa-mir-4290	0.0	0.0	0.0	0.0	0.0	0.0	0.0	0.0	0.0	0.0	0.0	0.0	
hsa-mir-3138	0.0	0.0	0.355313	0.0	0.0	0.0	0.234929	1.49474	0.0	0.273704	0.0	0.03777	
hsa-mir-3688	0.0	0.0	0.118438	0.0	0.0	0.0	0.0	0.0	0.0	0.136852	0.0	0.0	
hsa-mir-3913-1	0.06004	7.011904	4.974381	1.994295	1.456229	0.797349	2.349292	7.174753	0.109555	1.915929	6.697425	2.492816	
hsa-mir-202	0.09006	0.904762	0.473751	0.0	0.0	0.455628	0.0	0.0	0.0	0.547408	0.405905	0.26439	
hsa-mir-4252	0.0	0.0	0.0	0.0	0.0	0.0	0.0	0.0	0.0	0.0	0.0	0.0	
hsa-mir-541	0.18012	0.0	1.065939	0.0	0.48541	0.113907	0.469858	0.0	0.109555	0.273704	0.0	0.07554	
hsa-mir-320e	0.03002	0.904762	0.592188	0.0	0.0	0.341721	0.704788	0.298948	0.547774	0.136852	0.0	0.377699	
hsa-mir-1266	0.3002	8.369047	2.368753	3.323825	22.814249	0.683442	16.445042	135.423458	3.3962	16.285395	24.15132	0.793169	
hsa-mir-4318	0.0	0.0	0.0	0.0	0.0	0.0	0.0	0.0	0.0	0.0	0.0	0.0	
hsa-mir-483	0.720479	1.357143	0.947501	11.301005	0.0	1.025163	0.939717	1.195792	0.0	0.547408	0.0	2.530586	
hsa-mir-577	0.0	17.190475	0.0	0.664765	13.106058	3.189397	0.234929	0.597896	0.0	41.603025	0.202952	0.22662	
hsa-mir-432	1.410939	2.714285	7.58001	15.95436	0.48541	2.278141	4.463654	3.288428	2.081542	6.158342	0.405905	4.154694	
hsa-mir-514-3	0.06004	2.488095	0.118438	1.994295	0.970819	71.305804	2.584221	5.381065	0.0	0.0	3.653141	0.15108	
hsa-mir-335	2.581718	5.880952	61.350703	27.255365	0.970819	21.186709	232.110026	508.80955	21.910967	30.107452	49.520353	49.176464	
hsa-mir-4311	0.0	0.0	0.0	0.0	0.0	0.0	0.0	0.0	0.0	0.0	0.0	0.0	
hsa-mir-548h-3	0.0	0.0	0.0	0.0	0.0	0.0	0.0	0.0	0.0	0.0	0.0	0.0	
hsa-mir-29c	386.747288	1049.749913	1326.620129	2824.586466	874.222617	3559.25313	6188.269422	1132.415144	1749.152511	5680.591956	6720.561317	732.6991	
hsa-mir-3174	0.0	0.0	0.236875	0.0	0.0	0.0	0.0	1.793688	0.0	0.136852	0.0	0.03777	
hsa-mir-3118-2	0.0	0.0	0.0	0.0	0.0	0.0	0.0	0.0	0.0	0.0	0.0	0.0	
hsa-mir-30d	1176.092407	29784.759423	2349.802997	5875.857796	9181.521817	14387.369806	28565.038498	11886.173743	1769.858375	4359.832772	9678.184681	2027.112775	
hsa-mir-890	0.0	0.0	0.0	0.0	0.0	0.227814	0.0	0.0	0.0	0.0	0.0	0.0	
hsa-mir-3690	0.0	1.357143	0.236875	0.0	0.48541	0.0	0.704788	0.298948	0.328665	0.0	1.420666	0.11331	
hsa-mir-3159	0.0	0.0	0.0	0.0	0.0	0.0	0.234929	0.298948	0.0	0.0	0.0	0.0	
hsa-mir-520h	0.0	0.678571	0.0	0.0	0.0	0.0	0.0	0.0	0.0	0.0	0.0	0.0	
hsa-mir-149	4.923275	44.785711	43.821931	26.5906	17.474744	5.923166	3.758867	110.012876	33.195115	48.308775	10.553518	5.741031	
hsa-mir-1234	0.0	0.452381	0.118438	0.0	0.0	0.113907	0.0	0.597896	0.0	0.136852	0.0	0.0	
hsa-mir-34c	0.660439	10.857142	8.290636	27.92013	0.0	0.797349	13.390963	1.793688	3.17709	6.02149	1.623618	7.440679	
hsa-mir-941-4	0.0	0.0	0.0	0.0	0.0	0.0	0.0	0.0	0.0	0.0	0.0	0.0	
hsa-mir-764	0.0	0.0	0.0	0.0	0.0	0.0	0.0	0.0	0.0	0.0	0.0	0.0	
hsa-mir-581	0.0	0.22619	0.118438	0.0	0.0	0.0	0.0	0.0	0.0	0.136852	0.405905	0.377699	
hsa-mir-382	0.840559	9.273809	24.279718	29.24966	0.0	2.392048	9.162238	7.772649	3.943974	10.811312	1.420666	7.818378	
hsa-mir-1207	0.0	0.0	0.0	0.0	0.0	0.0	0.0	0.0	0.0	0.0	0.0	0.0	
hsa-mir-1298	0.0	0.0	0.0	0.0	0.0	0.0	0.0	0.0	0.438219	0.136852	0.0	0.377699	
hsa-mir-3119-2	0.0	0.0	0.0	0.0	0.0	0.0	0.0	0.0	0.0	0.0	0.0	0.0	
hsa-mir-31	0.06004	43.428568	60.876953	190.787554	7.766553	4.670188	0.234929	120.775005	3.286645	44.750622	67.380152	0.793169	
hsa-mir-1291	0.0	0.452381	0.118438	0.0	2.427048	0.455628	0.939717	0.597896	0.0	0.821112	0.405905	0.11331	
hsa-mir-33a	0.12008	77.809517	12.909704	9.971475	8.251963	25.515176	8.222521	20.328466	9.093051	18.338175	18.062752	10.311194	
hsa-mir-30b	70.667012	1266.666561	173.629596	256.599288	478.613826	1031.314297	458.111893	685.487837	151.404783	539.060245	497.23305	121.808062	
hsa-mir-3654	0.0	0.0	0.0	0.0	0.0	0.227814	0.234929	0.597896	0.109555	0.0	0.0	0.03777	
hsa-mir-181b-1	7.384913	675.630896	192.579621	494.585157	416.966812	277.705352	366.254585	267.25954	29.141586	117.008507	1315.942489	152.628335	
hsa-mir-651	0.06004	4.071428	2.368753	0.664765	2.427048	0.911256	0.469858	2.98948	0.328665	0.68426	1.217714	0.793169	
hsa-mir-3660	0.0	0.0	0.0	0.0	0.0	0.0	0.0	0.0	0.0	0.0	0.0	0.0	
hsa-mir-325	0.0	0.0	0.0	0.0	0.0	0.0	0.0	0.0	0.0	0.0	0.0	0.0	
hsa-mir-935	0.0	0.0	0.355313	0.664765	0.48541	0.0	0.469858	0.0	0.109555	0.547408	0.405905	0.453239	
hsa-mir-3192	0.0	0.22619	0.0	0.0	0.0	0.0	0.0	0.0	0.0	0.0	0.0	0.03777	
hsa-mir-3920	0.0	0.22619	0.118438	0.0	0.0	0.0	0.469858	0.0	0.0	0.136852	0.0	0.22662	
hsa-mir-376b	0.03002	0.22619	2.842504	1.32953	0.0	1.025163	0.234929	0.298948	0.766884	2.052781	0.0	0.415469	
hsa-mir-1184-2	0.0	0.0	0.0	0.0	0.0	0.0	0.0	0.0	0.0	0.0	0.0	0.0	
hsa-mir-548f-3	0.0	0.0	0.0	0.0	0.0	0.0	0.0	0.0	0.0	0.0	0.0	0.0	
hsa-mir-1271	0.1501	3.166666	3.316254	0.664765	23.785068	1.822513	0.939717	0.298948	0.438219	3.010745	1.217714	2.303966	
hsa-mir-3910-2	0.0	0.452381	0.118438	0.664765	0.0	0.0	0.0	0.0	0.0	0.136852	0.0	0.03777	
hsa-mir-3651	0.0	0.22619	0.236875	1.32953	0.0	0.227814	2.349292	0.0	0.109555	0.547408	0.0	0.18885	
hsa-mir-323b	0.0	0.22619	2.487191	3.98859	0.0	0.911256	0.469858	1.793688	0.21911	1.915929	0.0	0.566549	
hsa-mir-4279	0.0	0.0	0.0	0.0	0.0	0.0	0.0	0.0	0.0	0.0	0.0	0.0	
hsa-mir-518b	0.0	1.130952	0.0	0.664765	0.0	0.0	0.0	0.0	0.0	0.0	0.0	0.0	
hsa-mir-1251	0.0	0.0	0.0	0.0	6.310324	33.602575	0.0	0.896844	0.21911	0.68426	34.90779	0.03777	
hsa-mir-523	0.0	0.452381	0.0	0.0	0.0	0.0	0.0	0.298948	0.109555	0.0	0.0	0.0	
hsa-mir-3126	0.0	0.22619	0.118438	0.0	0.0	0.0	0.0	0.0	0.0	0.0	0.0	0.03777	
hsa-mir-200b	0.51034	2050.642686	453.142453	181.480844	336.874234	300.372852	776.205997	473.533682	349.370372	1025.843005	828.857052	24.739312	
hsa-mir-181a-2	11.557689	709.559465	541.378503	1065.618288	785.392667	281.692098	527.650929	490.274772	109.445281	432.86305	6650.94869	323.272932	
hsa-mir-29a	1784.357061	11951.903766	6844.274979	21157.475515	2628.007355	8883.951399	16055.059881	10021.634869	4935.993135	10971.976668	36028.086158	2647.899538	
hsa-mir-576	0.51034	14.70238	2.724066	1.994295	16.018515	2.733769	1.409575	6.277909	0.438219	3.831858	4.261998	3.739224	
hsa-mir-652	1.621078	49.30952	26.056283	65.14697	34.464079	38.158857	125.922038	118.383421	5.806406	27.644115	21.918845	8.044998	
hsa-mir-2278	0.0	0.22619	0.0	0.0	0.0	0.113907	0.0	0.298948	0.0	0.0	0.0	0.0	
hsa-mir-548q	0.0	0.0	0.118438	0.0	0.0	0.0	0.234929	0.597896	0.0	0.410556	0.0	0.07554	
hsa-mir-638	0.0	0.0	0.0	0.0	0.0	0.0	0.0	0.0	0.0	0.0	0.0	0.0	
hsa-mir-132	17.801843	129.380942	173.629596	163.532189	81.548806	64.129661	162.101131	101.642331	41.521283	107.976271	85.239951	126.189375	
hsa-mir-124-2	0.0	0.0	0.0	0.0	0.0	0.455628	0.0	0.0	0.0	0.0	0.0	0.0	
hsa-mir-548c	0.0	0.0	0.0	0.0	0.0	0.0	0.0	0.0	0.0	0.0	0.0	0.0	
hsa-mir-1185-2	0.03002	0.0	0.236875	0.0	0.0	0.0	0.0	0.0	0.109555	0.273704	0.0	0.03777	
hsa-mir-2114	0.03002	2.488095	0.118438	0.664765	0.0	0.911256	0.0	0.298948	0.0	0.136852	0.202952	0.566549	
hsa-mir-3606	0.0	0.0	0.0	0.0	0.0	0.0	0.0	0.0	0.0	0.0	0.0	0.07554	
hsa-mir-302d	0.0	0.0	0.0	0.0	0.0	0.0	0.0	0.0	0.0	0.0	0.0	0.0	
hsa-mir-449a	0.0	0.0	0.118438	0.0	0.48541	0.0	0.0	0.298948	0.0	0.547408	0.202952	0.30216	
hsa-mir-3681	0.0	0.0	0.118438	0.0	0.0	0.0	0.0	0.0	0.0	0.0	0.0	0.03777	
hsa-mir-548j	0.03002	0.0	0.0	1.994295	0.0	0.0	0.0	0.298948	0.0	0.0	0.0	0.0	
hsa-mir-1203	0.0	0.0	0.0	0.0	0.0	0.0	0.0	0.0	0.0	0.0	0.0	0.0	
hsa-mir-1302-4	0.0	0.0	0.0	0.0	0.0	0.0	0.0	0.0	0.0	0.0	0.0	0.0	
hsa-mir-552	0.06004	0.452381	0.118438	0.0	0.0	0.0	0.234929	0.298948	0.0	0.821112	0.0	0.03777	
hsa-mir-1264	0.0	0.0	0.0	0.0	0.0	0.0	0.0	0.0	0.109555	0.0	0.0	0.0	
hsa-mir-3121	0.0	0.0	0.0	0.0	0.0	0.0	0.0	0.0	0.0	0.0	0.0	0.0	
hsa-mir-3713	0.0	0.0	0.0	0.0	0.0	0.0	0.0	0.0	0.0	0.0	0.0	0.0	
hsa-mir-25	1123.407358	5774.416185	4656.020938	9290.755579	6183.632378	2125.733091	7387.817795	10995.607557	4917.587922	6350.07221	4941.684711	2560.197733	
hsa-mir-4293	0.0	0.0	0.0	0.0	0.0	0.0	0.0	0.0	0.0	0.0	0.0	0.0	
hsa-mir-3168	0.0	0.0	0.0	0.0	0.0	1.480791	1.409575	0.298948	0.109555	0.136852	0.0	0.0	
hsa-mir-124-1	0.03002	0.0	0.0	0.0	0.0	1.366884	0.0	0.0	0.0	0.136852	0.0	0.0	
hsa-mir-1914	0.0	0.0	0.0	0.0	0.0	0.0	0.0	0.0	0.0	0.0	0.0	0.0	
hsa-mir-3670	0.0	0.0	0.0	0.0	0.0	0.0	0.0	0.0	0.0	0.0	0.0	0.0	
hsa-mir-516a-2	0.0	20.130951	0.0	0.664765	0.0	0.0	0.0	1.793688	0.109555	0.0	0.0	0.0	
hsa-mir-19b-2	5.703795	242.023789	80.18229	77.777504	88.34454	24.60392	77.526628	86.694929	27.936483	87.859019	127.25107	31.160202	
hsa-mir-3171	0.0	0.0	0.0	0.0	0.0	0.0	0.0	0.298948	0.0	0.0	0.0	0.0	
hsa-mir-3158-1	0.0	0.0	0.0	0.0	0.0	0.0	0.0	0.0	0.0	0.0	0.0	0.0	
hsa-mir-4310	0.0	0.0	0.0	0.0	0.0	0.0	0.0	0.0	0.0	0.0	0.0	0.0	
hsa-mir-142	6.964633	1156.285618	1578.537013	928.011934	2791.104967	331.925101	542.921326	1115.375107	219.438336	2009.535577	1464.300595	185.525954	
hsa-mir-369	0.930619	5.202381	12.554391	34.56778	0.48541	3.531118	4.933513	6.277909	3.505755	12.042981	0.608857	4.381313	
hsa-mir-513a-2	0.0	0.0	0.0	0.0	0.0	0.227814	0.0	0.597896	0.0	0.0	0.0	0.0	
hsa-mir-595	0.0	0.0	0.0	0.0	0.0	0.0	0.0	0.0	0.0	0.0	0.0	0.0	
hsa-mir-3669	0.0	0.0	0.0	0.0	0.0	0.0	0.0	0.0	0.0	0.0	0.0	0.0	
hsa-mir-4307	0.0	0.0	0.0	0.0	0.0	0.0	0.0	0.0	0.0	0.0	0.0	0.0	
hsa-mir-3156-2	0.0	0.0	0.0	0.0	0.0	0.0	0.0	0.0	0.0	0.0	0.0	0.0	
hsa-mir-539	0.09006	0.678571	5.448132	3.98859	0.970819	2.278141	0.704788	1.49474	0.985994	18.611879	0.0	2.039577	
hsa-mir-3924	0.0	0.0	0.0	0.0	0.0	0.0	0.0	0.0	0.0	0.0	0.202952	0.0	
hsa-mir-3679	0.03002	0.22619	0.0	0.0	0.48541	0.0	0.234929	0.298948	0.21911	0.136852	0.0	0.0	
hsa-mir-216b	0.06004	0.0	0.118438	0.0	0.0	3.986746	0.704788	0.0	0.0	0.0	0.0	0.0	
hsa-let-7i	120.350064	2151.29744	696.176513	1513.669895	1358.175947	256.404736	1267.912762	1190.710011	129.822481	494.583327	3948.030419	284.634281	
hsa-mir-557	0.0	0.0	0.0	0.0	0.0	0.0	0.0	0.0	0.0	0.0	0.0	0.0	
hsa-mir-494	0.1501	0.22619	1.065939	2.65906	0.0	0.227814	0.704788	0.597896	0.657329	2.600189	0.405905	0.453239	
hsa-mir-873	0.0	0.0	0.236875	0.0	0.0	0.341721	0.0	0.0	0.0	0.0	0.0	2.757206	
hsa-mir-3197	0.0	0.0	0.0	0.0	0.0	0.0	0.0	0.0	0.0	0.0	0.0	0.0	
hsa-mir-297	0.0	0.0	0.0	0.0	0.0	0.0	0.0	0.0	0.0	0.0	0.0	0.0	
hsa-mir-3619	0.03002	0.0	0.118438	1.32953	0.0	0.113907	0.0	0.0	0.0	0.136852	0.0	0.03777	
hsa-mir-511-1	0.36024	5.654761	2.368753	22.60201	0.0	1.366884	0.469858	9.267389	1.095548	6.158342	6.900377	0.453239	
hsa-mir-664	5.373575	39.35714	11.725327	15.95436	40.288993	21.984058	19.734051	31.389543	7.121064	21.212069	46.273117	7.780608	
hsa-mir-345	0.33022	42.749996	15.278457	5.31812	7.281143	17.199962	7.047875	9.566337	4.163084	17.243359	21.918845	2.681666	
hsa-mir-3926-1	0.1501	2.488095	1.065939	1.32953	0.48541	0.569535	0.469858	0.896844	0.438219	0.547408	2.841332	3.248215	
hsa-mir-24-1	4.743155	18.773808	21.910965	23.93154	14.562287	22.439686	17.14983	8.370545	10.845929	42.287285	19.68637	22.322036	
hsa-mir-136	0.750499	30.988093	46.072246	44.539255	1.456229	14.466193	5.403371	5.082117	6.57329	25.591334	2.435427	30.933582	
hsa-mir-4281	0.0	0.0	0.0	0.0	0.0	0.0	0.0	0.0	0.0	0.0	0.0	0.0	
hsa-let-7a-1	1579.140539	10828.189574	6126.424376	3744.62122	6796.219242	6467.983181	13903.813417	6669.829537	3842.307207	2694.069557	13410.679795	4684.039329	
hsa-let-7b	2050.123865	36803.675504	12866.000471	12074.79138	13808.445738	9225.786411	25146.818988	16354.848922	4855.141666	5528.959879	5641.667074	9430.172442	
hsa-mir-3116-1	0.0	0.0	0.0	0.0	0.0	0.0	0.0	0.0	0.0	0.0	0.0	0.0	
hsa-mir-617	0.0	0.0	0.0	0.0	0.0	0.0	0.0	0.0	0.0	0.0	0.0	0.0	
hsa-mir-668	0.0	0.0	0.0	0.0	0.0	0.0	0.234929	0.0	0.0	0.273704	0.202952	0.0	
hsa-mir-628	1.470979	15.154761	5.448132	5.31812	55.822099	9.112563	6.578017	14.050557	3.61531	10.67446	13.191897	5.665491	
hsa-mir-3610	0.0	1.130952	1.065939	0.0	0.48541	0.0	4.698584	2.391584	0.0	0.410556	1.623618	0.642089	
hsa-mir-1276	0.0	0.0	0.236875	0.0	0.0	0.0	0.0	0.0	0.0	0.0	0.0	0.0	
hsa-mir-184	0.12008	22.845236	12.08064	1.994295	0.0	45.676721	4.698584	5.082117	0.0	0.0	0.405905	0.415469	
hsa-mir-514-1	0.03002	1.130952	0.236875	0.664765	0.970819	77.570691	1.409575	4.48422	0.21911	0.0	4.870854	0.18885	
hsa-mir-1193	0.0	0.0	0.118438	0.664765	0.0	0.0	0.0	0.0	0.0	0.0	0.0	0.0	
hsa-mir-3131	0.0	0.0	0.0	0.0	2.427048	0.455628	0.234929	0.298948	0.0	1.505373	0.0	0.0	
hsa-mir-588	0.0	0.22619	0.118438	0.0	0.0	0.0	0.469858	0.298948	0.0	0.0	0.0	0.03777	
hsa-mir-153-2	0.21014	3.619047	4.974381	2.65906	2.427048	5.581445	5.6383	2.092636	4.491748	55.698786	10.147613	17.298633	
hsa-mir-605	0.24016	0.0	0.0	0.0	0.0	0.341721	0.469858	0.0	0.109555	0.957964	0.202952	0.22662	
hsa-mir-154	0.21014	2.714285	11.962203	7.97718	0.0	2.278141	2.114363	2.690532	1.205103	10.127052	0.405905	2.228427	
hsa-mir-3938	0.0	0.0	0.0	0.0	0.0	0.0	0.0	0.0	0.0	0.0	0.0	0.0	
hsa-mir-3118-1	0.0	0.0	0.0	0.0	0.0	0.0	0.0	0.0	0.0	0.0	0.0	0.0	
hsa-mir-548z	0.0	0.0	0.0	0.0	0.0	0.0	0.0	0.0	0.0	0.0	0.0	0.0	
hsa-let-7f-1	2.101398	17.869046	13.857205	33.23825	30.580802	11.846332	13.390963	19.132674	4.382193	9.30594	17.859799	5.250022	
hsa-mir-4321	0.0	0.0	0.0	0.0	0.0	0.0	0.0	0.0	0.0	0.0	0.0	0.0	
hsa-mir-891b	0.0	0.0	0.0	0.0	0.0	0.797349	0.0	4.783169	0.0	0.0	0.0	0.0	
hsa-mir-3181	0.0	0.0	0.0	0.0	0.0	0.0	0.0	0.0	0.0	0.0	0.0	0.0	
hsa-mir-3925	0.03002	0.0	0.118438	0.0	0.0	0.0	0.0	0.0	0.0	0.0	0.202952	0.0	
hsa-mir-874	1.320879	55.416662	14.804706	18.61342	17.960154	48.182676	24.667563	14.947402	1.862432	28.191523	37.952074	7.062979	
hsa-mir-1261	0.0	0.0	0.0	0.0	0.0	0.0	0.0	0.0	0.0	0.0	0.0	0.0	
hsa-mir-889	0.930619	5.428571	29.372537	11.96577	0.970819	7.29005	5.873229	5.978961	4.272639	13.411501	1.420666	9.631335	
hsa-mir-3179-3	0.0	0.0	0.0	0.0	0.48541	0.113907	0.0	0.0	0.0	0.0	0.0	0.0	
hsa-mir-487b	0.600399	1.809524	10.422513	5.31812	0.0	1.13907	2.349292	1.793688	1.095548	9.9902	0.202952	2.303966	
hsa-mir-3646	0.0	0.0	0.0	0.0	0.48541	0.0	0.0	0.0	0.0	0.0	0.0	0.0	
hsa-mir-4254	0.0	0.0	0.118438	0.0	0.0	0.0	0.0	0.0	0.109555	0.0	0.0	0.0	
hsa-mir-548d-2	0.0	0.904762	0.0	0.0	0.0	0.0	0.0	0.597896	0.0	0.0	0.0	0.0	
hsa-mir-1909	0.0	0.0	0.0	0.0	0.0	0.0	0.0	0.0	0.0	0.0	0.0	0.0	
hsa-mir-452	8.615732	110.380943	168.063027	89.743274	103.392236	15.491357	21.848413	76.530696	23.33518	16.559099	53.985303	11.066593	
hsa-mir-2052	0.0	0.0	0.0	0.0	0.0	0.0	0.0	0.0	0.0	0.0	0.0	0.0	
hsa-mir-3190	0.0	0.452381	0.236875	0.664765	0.0	0.113907	0.0	0.896844	0.109555	0.0	0.0	0.0	
hsa-mir-26a-1	0.18012	0.678571	0.947501	0.0	1.941638	2.278141	0.469858	0.0	0.766884	0.821112	0.0	0.755399	
hsa-mir-376a-1	0.06004	0.452381	1.776565	0.664765	0.970819	0.341721	0.0	0.896844	0.876439	2.737041	0.0	0.415469	
hsa-mir-3123	0.0	0.0	0.0	0.0	0.0	0.0	0.0	0.0	0.0	0.0	0.0	0.0	
hsa-mir-423	10.89725	166.476177	90.131052	182.145609	335.903415	105.705729	186.768695	175.482495	27.607819	87.722167	129.686498	36.296914	
hsa-mir-506	0.0	0.0	0.0	0.0	0.0	8.0874	0.0	0.597896	0.0	0.0	0.0	0.03777	
hsa-mir-609	0.0	0.0	0.0	0.0	0.0	0.0	0.0	0.0	0.0	0.0	0.0	0.0	
hsa-mir-450a-2	0.51034	1.357143	6.869384	3.323825	16.503925	5.923166	1.879433	2.092636	0.0	2.189633	14.612563	2.794976	
hsa-mir-1197	0.0	0.0	0.0	0.0	0.0	0.0	0.0	0.0	0.0	0.0	0.0	0.0	
hsa-mir-3653	0.09006	4.523809	0.829064	7.97718	18.445563	12.074146	10.571813	2.092636	0.985994	4.516118	1.420666	0.642089	
hsa-mir-302f	0.0	0.0	0.0	0.0	0.0	0.0	0.0	0.0	0.0	0.0	0.0	0.0	
hsa-mir-4262	0.0	0.0	0.0	0.0	0.0	0.0	0.0	0.0	0.0	0.0	0.0	0.0	
hsa-mir-548u	0.0	0.0	0.0	0.0	0.0	0.0	0.0	0.0	0.0	0.0	0.0	0.0	
hsa-mir-34a	9.606391	201.535697	88.23605	176.162724	558.220993	55.928354	129.211047	105.229707	26.621825	139.589096	464.557736	58.39233	
hsa-mir-548i-1	0.0	0.0	0.0	0.0	0.0	0.0	0.0	0.0	0.0	0.0	0.0	0.0	
hsa-mir-937	0.03002	13.571427	0.592188	11.96577	0.970819	0.341721	3.054079	20.926362	0.438219	0.136852	0.811809	0.0	
hsa-mir-519a-1	0.0	61.297614	0.0	0.664765	0.0	0.0	0.0	0.597896	0.0	0.0	0.0	0.0	
hsa-mir-1302-7	0.0	0.0	0.0	0.0	0.0	0.0	0.0	0.0	0.0	0.0	0.0	0.0	
hsa-mir-1302-6	0.0	0.0	0.0	0.0	0.0	0.0	0.0	0.0	0.0	0.0	0.0	0.0	
hsa-mir-760	0.36024	2.035714	0.0	0.0	13.106058	0.569535	2.81915	14.648454	0.109555	0.136852	0.202952	0.491009	
hsa-mir-500a	18.042003	206.285697	105.527947	259.923113	227.171674	272.693442	236.808609	226.30366	45.355702	146.979107	74.280529	288.486815	
hsa-mir-3648	0.06004	1.809524	0.236875	15.95436	0.0	3.758932	2.81915	2.690532	2.410206	0.68426	0.405905	0.453239	
hsa-mir-3686	0.0	0.0	0.0	0.0	0.0	0.0	0.0	0.0	0.0	0.0	0.0	0.0	
hsa-mir-4327	0.0	0.0	0.0	0.0	0.0	0.0	0.0	0.0	0.0	0.0	0.0	0.0	
hsa-mir-186	22.935258	276.178548	106.238573	144.254004	438.810242	129.056671	228.11623	347.377613	59.597831	234.42757	190.572177	95.369103	
hsa-mir-4328	0.0	0.0	0.0	0.0	0.0	0.0	0.0	0.0	0.0	0.0	0.0	0.0	
hsa-mir-3202-1	0.0	0.0	0.0	0.0	0.0	0.0	0.0	0.0	0.0	0.0	0.0	0.0	
hsa-mir-128-2	6.814533	136.392846	53.889131	61.823145	46.113908	57.181332	100.549687	64.871723	13.803909	23.675406	37.343217	34.597267	
hsa-mir-4277	0.0	0.0	0.0	0.0	0.0	0.0	0.0	0.0	0.0	0.0	0.0	0.0	
hsa-mir-1244-1	0.0	0.0	0.0	0.0	0.0	0.0	0.0	0.0	0.0	0.0	0.0	0.0	
hsa-mir-554	0.0	0.0	0.0	0.0	0.0	0.0	0.0	0.0	0.0	0.0	0.0	0.0	
hsa-mir-548aa-1	0.0	0.0	0.0	0.0	0.0	0.0	0.0	0.0	0.0	0.0	0.0	0.0	
hsa-mir-320d-1	0.0	0.678571	0.710626	0.0	0.48541	0.455628	0.939717	1.49474	0.109555	0.273704	0.202952	0.22662	
hsa-mir-520f	0.0	0.452381	0.0	0.664765	0.0	0.0	0.0	0.0	0.0	0.0	0.0	0.0	
hsa-mir-599	0.0	0.0	0.0	0.0	0.970819	0.0	0.0	0.0	0.0	0.273704	0.0	0.0	
hsa-mir-3183	0.03002	0.22619	0.0	0.0	0.0	0.227814	0.234929	0.0	0.0	0.0	0.0	0.0	
hsa-mir-1287	4.713135	41.392854	17.173459	16.619125	29.609983	16.174799	68.36439	37.069556	4.820413	14.916874	11.568279	14.239268	
hsa-mir-548aa-2	0.0	0.0	0.0	0.0	0.0	0.0	0.0	0.0	0.0	0.0	0.0	0.0	
hsa-mir-922	0.0	0.0	0.0	0.0	0.0	0.0	0.0	0.0	0.0	0.0	0.0	0.03777	
hsa-mir-943	0.03002	0.0	0.0	0.0	0.48541	0.227814	0.0	0.0	0.0	0.0	0.0	0.0	
hsa-mir-611	0.0	0.0	0.0	0.0	0.0	0.0	0.0	0.0	0.0	0.0	0.405905	0.03777	
hsa-mir-192	9.186111	369.821398	104.817321	157.549304	19885.773422	19123.396516	261.476173	399.992467	53.24365	22235.858769	368.764266	123.54548	
hsa-mir-30c-1	0.12008	2.488095	1.302814	3.323825	5.339505	5.01191	3.993796	1.195792	1.205103	1.779077	1.623618	0.339929	
hsa-mir-301b	0.0	1.130952	0.355313	0.0	0.970819	0.341721	0.704788	2.092636	0.0	0.68426	0.0	0.07554	
hsa-mir-1205	0.0	0.0	0.0	0.0	0.0	0.0	0.0	0.0	0.0	0.0	0.0	0.03777	
hsa-mir-711	0.0	0.0	0.0	0.0	0.0	0.0	0.0	0.0	0.0	0.0	0.0	0.0	
hsa-mir-409	0.870579	8.821428	40.268801	33.23825	3.883276	9.682098	14.33068	11.658973	6.244626	30.244304	2.841332	10.991053	
hsa-mir-410	0.990659	7.011904	22.384716	13.960065	0.970819	3.189397	9.397167	5.978961	5.587297	10.537608	0.811809	6.874129	
hsa-mir-1253	0.0	0.0	0.0	0.0	0.0	0.0	0.0	0.0	0.0	0.0	0.0	0.0	
hsa-mir-3659	0.0	0.0	0.0	0.0	0.0	0.0	0.0	0.0	0.0	0.0	0.0	0.0	
hsa-mir-4285	0.0	0.0	0.0	0.0	0.0	0.0	0.0	0.0	0.0	0.0	0.0	0.0	
hsa-mir-1296	1.290859	8.142856	5.448132	4.653355	5.339505	2.278141	2.584221	9.267389	3.505755	10.948164	4.870854	3.134905	
hsa-mir-3941	0.12008	0.452381	0.118438	0.664765	2.427048	0.341721	0.469858	0.298948	0.109555	0.0	0.0	0.03777	
hsa-mir-766	0.48032	4.75	7.224697	31.243955	7.766553	3.872839	4.698584	4.48422	1.752877	7.800567	4.870854	1.133098	
hsa-mir-521-1	0.0	0.904762	0.0	0.0	0.0	0.0	0.0	0.0	0.0	0.0	0.0	0.0	
hsa-mir-4300	0.0	0.0	0.0	0.0	0.0	0.0	0.0	0.0	0.0	0.0	0.0	0.0	
hsa-mir-636	0.03002	0.452381	0.236875	0.0	0.0	0.227814	0.704788	1.195792	0.0	0.136852	0.202952	0.03777	
hsa-mir-106a	1.621078	13.797618	14.923144	1.994295	16.989335	14.124472	14.095751	4.185272	32.209122	5.747786	4.870854	3.512605	
hsa-mir-133a-1	106.931137	1.809524	13.857205	7.97718	1.456229	4.898003	2.81915	1.793688	32.209122	265.219283	47.287878	56.692683	
hsa-mir-148a	804.114946	44553.412954	14944.581247	7294.466297	22982.201002	12650.515333	34800.058826	17252.290914	15993.800949	61409.075289	43092.245661	6980.602869	
hsa-mir-516b-2	0.0	0.0	0.0	0.0	0.0	0.0	0.0	0.0	0.0	0.0	0.0	0.0	
hsa-mir-1289-2	0.0	0.0	0.0	0.0	0.0	0.0	0.0	0.0	0.0	0.0	0.0	0.0	
hsa-mir-892b	0.0	0.0	0.0	0.0	0.0	0.227814	0.0	1.195792	0.0	0.0	0.0	0.0	
hsa-mir-654	5.013335	6.107142	50.691315	33.903015	1.456229	9.682098	24.667563	21.823206	16.871445	70.341956	7.509234	13.634949	
hsa-mir-1225	0.03002	0.22619	0.0	0.0	0.48541	0.0	0.0	0.0	0.0	0.0	0.202952	0.15108	
hsa-mir-662	0.0	0.0	0.0	0.0	0.0	0.0	0.469858	2.690532	0.0	0.0	0.0	0.0	
hsa-mir-876	0.0	0.452381	0.0	0.0	0.0	0.0	0.0	0.0	0.0	0.136852	0.0	1.246408	
hsa-mir-3663	0.0	0.0	0.0	0.0	0.0	0.0	0.0	0.0	0.0	0.0	0.0	0.0	
hsa-mir-3189	0.0	0.22619	0.0	0.0	1.456229	0.0	0.469858	0.0	0.0	0.0	0.202952	0.0	
hsa-mir-631	0.0	0.0	0.0	0.0	0.0	0.0	0.0	0.0	0.0	0.0	0.0	0.0	
hsa-mir-100	2649.382528	8194.654079	5480.465427	7132.263638	15772.412816	6851.052541	5750.831297	8597.446446	3150.139754	7214.156086	12505.715643	8436.294195	
hsa-mir-4312	0.0	0.0	0.0	0.0	0.0	0.0	0.0	0.0	0.0	0.0	0.0	0.0	
hsa-mir-338	54.276108	139.333322	164.273022	148.242594	198.0471	132.92951	101.019546	3331.476866	38.782412	902.539304	111.826698	88.608283	
hsa-mir-613	0.0	0.0	0.0	0.0	0.0	0.0	0.0	0.0	0.0	0.0	0.0	0.0	
hsa-mir-361	73.759069	841.202311	396.766131	803.70088	488.807426	337.392638	646.99495	511.201134	112.951036	390.028357	551.218353	196.554777	
hsa-mir-550a-1	0.09006	1.130952	4.263755	1.994295	3.397867	0.683442	1.879433	2.092636	0.109555	3.284449	1.217714	0.717629	
hsa-mir-15b	19.903241	311.46426	110.028578	176.162724	157.758107	89.872651	169.383936	277.124825	74.059069	134.799274	454.410122	12.87955	
hsa-mir-138-1	0.03002	8.821428	0.473751	0.0	4.368686	7.176143	4.698584	0.298948	0.0	1.094816	19.077513	0.0	
hsa-mir-4265	0.0	0.0	0.0	0.0	0.0	0.0	0.0	0.0	0.0	0.0	0.0	0.0	
hsa-mir-3161	0.0	0.0	0.118438	0.0	0.48541	0.683442	0.0	0.0	0.0	0.0	0.608857	0.0	
hsa-mir-519e	0.0	0.0	0.0	0.0	0.0	0.0	0.0	0.0	0.0	0.0	0.0	0.0	
hsa-mir-3617	0.06004	0.0	0.0	0.0	0.48541	0.0	0.0	0.0	0.109555	0.0	0.0	0.0	
hsa-mir-1263	0.0	0.0	0.0	0.0	0.0	0.227814	0.0	0.0	0.0	0.0	0.0	0.0	
hsa-mir-619	0.0	0.0	0.0	0.0	0.0	0.0	0.0	0.0	0.0	0.0	0.0	0.0	
hsa-mir-3200	0.06004	5.654761	0.710626	2.65906	0.970819	2.050327	3.993796	5.978961	0.109555	1.779077	2.232475	0.415469	
hsa-mir-758	1.921278	9.499999	23.924406	16.619125	0.0	5.695352	10.336884	9.267389	6.57329	22.033181	1.217714	6.043191	
hsa-mir-670	0.0	0.0	0.0	0.0	0.0	0.0	0.0	0.0	0.0	0.136852	0.0	0.0	
hsa-mir-526a-2	0.0	0.0	0.0	0.0	0.0	0.0	0.0	0.0	0.0	0.0	0.0	0.0	
hsa-mir-3915	0.0	0.0	0.0	0.0	0.0	0.0	0.0	0.0	0.0	0.0	0.0	0.0	
hsa-mir-134	16.871224	88.89285	322.505724	651.469696	31.066212	69.711106	142.132151	166.215106	81.070579	242.36499	23.745415	82.867252	
hsa-mir-1178	0.0	0.0	0.0	0.0	0.0	0.0	0.0	0.0	0.0	0.0	0.0	0.0	
hsa-mir-548a-3	0.0	0.22619	0.0	0.0	0.0	0.0	0.0	0.0	0.0	0.0	0.0	0.0	
hsa-mir-1301	0.3002	9.499999	4.619068	12.630535	19.901792	7.517864	9.162238	18.23583	1.971987	6.295195	5.885616	2.492816	
hsa-mir-3911	0.0	0.22619	0.0	0.0	0.0	0.0	0.0	0.0	0.0	0.0	0.202952	0.0	
hsa-mir-640	0.0	0.0	0.0	0.0	0.0	0.0	0.0	0.0	0.0	0.0	0.0	0.0	
hsa-mir-3621	0.0	0.0	0.0	0.0	0.0	0.0	0.0	0.0	0.0	0.0	0.0	0.0	
hsa-mir-720	0.0	0.0	0.0	0.0	0.0	0.0	0.0	0.0	0.0	0.0	0.0	0.0	
hsa-mir-1274b	0.09006	2.940476	2.605628	4.653355	1.456229	8.543028	45.341331	18.833726	1.314658	12.042981	5.885616	0.679859	
hsa-mir-378c	1.110739	2.035714	0.355313	0.0	1.456229	1.594698	1.174646	0.298948	0.438219	2.326485	0.405905	0.830939	
hsa-mir-95	0.24016	5.202381	5.803445	0.664765	7.766553	1.708606	7.047875	1.49474	0.438219	4.789822	8.118091	0.453239	
hsa-mir-3682	0.12008	2.261905	0.592188	1.32953	0.48541	0.0	1.174646	4.48422	0.109555	0.136852	0.405905	0.03777	
hsa-mir-532	54.065968	2204.452197	519.467537	787.081755	1220.805042	1448.327953	1344.499674	765.306961	153.37677	460.233461	352.731037	2117.118546	
hsa-mir-144	16.841204	6.559523	6.158758	65.14697	164.068431	124.386482	50.274844	70.850684	10.736374	95.933291	45.867212	13.597179	
hsa-mir-3673	0.0	0.0	0.0	0.0	0.0	0.0	0.0	0.0	0.0	0.0	0.0	0.0	
hsa-mir-549	0.0	0.0	0.0	0.0	0.0	0.0	0.234929	1.195792	0.0	0.136852	0.0	0.07554	
hsa-mir-29b-1	25.126716	339.738067	146.152061	202.753324	170.378755	266.542462	279.33079	190.728844	54.448753	435.189535	805.111637	48.874305	
hsa-mir-3134	0.0	0.0	0.0	0.0	0.0	0.0	0.0	0.0	0.0	0.0	0.0	0.0	
hsa-mir-1249	0.18012	4.523809	1.184377	11.96577	5.824915	0.797349	0.469858	1.195792	0.328665	0.547408	0.405905	0.377699	
hsa-mir-518a-1	0.0	0.22619	0.0	0.0	0.0	0.0	0.0	0.0	0.0	0.0	0.0	0.0	
hsa-mir-603	0.0	0.0	0.0	0.0	0.0	0.0	0.0	0.0	0.0	0.0	0.0	0.0	
hsa-mir-3605	0.18012	2.035714	0.710626	1.994295	10.193601	2.961583	2.81915	2.092636	0.21911	0.957964	1.420666	0.830939	
hsa-mir-661	0.0	0.0	0.0	0.0	0.0	0.0	0.0	0.0	0.0	0.0	0.0	0.0	
hsa-mir-3936	0.0	0.0	0.0	0.0	0.0	0.113907	0.0	0.0	0.0	0.0	0.0	0.0	
hsa-mir-454	0.48032	11.535713	3.908442	5.31812	23.785068	2.619862	4.698584	7.772649	2.738871	5.610934	3.247236	2.908286	
hsa-mir-198	0.0	0.0	0.0	0.0	0.0	0.0	0.0	0.0	0.0	0.0	0.0	0.0	
hsa-mir-3622b	0.0	0.0	0.0	0.0	0.0	0.0	0.0	0.0	0.0	0.0	0.0	0.0	
hsa-mir-218-1	0.24016	2.488095	1.302814	1.32953	0.48541	3.758932	0.469858	0.597896	0.0	0.68426	2.029523	0.679859	
hsa-mir-3714	0.0	0.0	0.0	0.0	0.0	0.0	0.0	0.0	0.0	0.0	0.0	0.0	
hsa-mir-105-2	0.09006	4.297619	0.118438	0.0	0.0	0.227814	0.0	2.092636	0.0	0.273704	0.202952	0.415469	
hsa-mir-98	16.601044	86.178564	47.019747	39.221135	66.986519	99.099121	135.319205	239.756321	18.843432	25.043926	69.815579	30.442573	
hsa-mir-1278	0.0	0.22619	0.0	0.0	0.0	0.113907	0.0	0.0	0.0	0.0	0.0	0.0	
hsa-mir-1233-1	0.0	0.0	0.0	0.0	0.0	0.0	0.0	0.0	0.0	0.0	0.0	0.0	
hsa-mir-586	0.0	0.0	0.0	0.0	0.0	0.0	0.0	0.0	0.0	0.0	0.0	0.0	
hsa-mir-92b	9.666431	176.880938	64.311645	378.251282	160.185155	27.907224	286.848524	188.935156	19.93898	44.887474	94.778708	38.109871	
hsa-mir-1273d	0.0	0.0	0.0	0.0	0.0	0.0	0.0	0.0	0.0	0.0	0.0	0.0	
hsa-mir-3149	0.0	0.452381	0.0	0.0	0.0	0.0	0.234929	0.0	0.0	0.0	0.0	0.03777	
hsa-mir-9-2	40.587001	4295.356785	258.904705	45.868785	618.897188	137.257977	55.443286	4543.113239	49.737896	375.522039	29.833983	703.540705	
hsa-mir-1282	0.0	0.0	0.0	0.0	0.0	0.0	0.0	0.0	0.0	0.0	0.0	0.0	
hsa-mir-657	0.0	0.0	0.0	0.0	0.0	0.0	0.0	0.298948	0.0	0.0	0.0	0.0	
hsa-mir-496	0.18012	1.357143	3.197817	0.664765	0.0	0.911256	1.879433	0.597896	0.21911	0.821112	0.608857	0.793169	
hsa-mir-3133	0.0	0.0	0.0	0.0	0.0	0.0	0.0	0.0	0.0	0.0	0.0	0.0	
hsa-mir-3908	0.0	0.0	0.0	0.0	0.0	0.0	0.0	0.0	0.0	0.0	0.0	0.0	
hsa-mir-384	0.0	0.0	0.0	0.0	0.0	0.0	0.0	0.0	0.0	0.0	0.0	0.0	
hsa-mir-3142	0.0	0.0	0.0	0.0	0.0	0.0	0.0	0.0	0.0	0.0	0.0	0.0	
hsa-mir-1305	0.0	0.0	0.0	0.664765	0.48541	0.0	0.0	0.0	0.0	0.0	0.0	0.15108	
hsa-mir-3178	0.0	0.22619	0.0	0.0	0.0	0.0	0.469858	0.298948	0.0	0.136852	0.405905	0.07554	
